1
;
7.571403331409021 20.844011010827792
9.234065085600662 19.67588087091612
10.8967268397923 18.507750731004453
12.55938859398394 17.339620591092782
14.22205034817558 16.171490451181114
15.88471210236722 15.003360311269441
17.54737385655886 13.835230171357772
19.210035610750502 12.667100031446102
20.87269736494214 11.498969891534433
23.122662987003846 10.330839751622761
23.122662987003846 12.379520935398563
23.122662987003846 14.428202119174365
23.122662987003846 16.476883302950167
23.122662987003846 18.52556448672597
23.122662987003846 20.57424567050177
23.122662987003846 22.622926854277573
23.122662987003846 24.67160803805337
23.122662987003846 26.720289221829173
23.122662987003846 28.76897040560498
23.122662987003846 30.81765158938078
23.122662987003846 32.866332773156586
23.122662987003846 34.915013956932384
23.122662987003846 36.96369514070818
23.122662987003846 39.01237632448398
23.122662987003846 41.061057508259786
23.122662987003846 43.109738692035585
23.122662987003846 45.15841987581139
23.122662987003846 47.207101059587195
23.122662987003846 49.255782243362994
23.122662987003846 51.3044634271388
23.122662987003846 53.3531446109146
23.122662987003846 55.4018257946904
23.122662987003846 57.4505069784662
23.122662987003846 59.49918816224201
23.122662987003846 61.547869346017805
23.122662987003846 63.5965505297936
23.122662987003846 65.6452317135694
23.122662987003846 67.6939128973452
23.122662987003846 69.74259408112101
23.122662987003846 71.79127526489681
23.122662987003846 73.83995644867261
23.122662987003846 75.88863763244841
23.122662987003846 77.93731881622422
23.122662987003846 79.98600000000002
;
