2
;
8.713431583334511 23.110723957139445
9.418906306983672 21.198931100769233
10.316755810435831 19.4103011288002
11.394311521715409 17.75069295699512
12.638904868846828 16.225965501116786
14.037867279854503 14.841977676927982
15.578530182762846 13.604588400191496
17.24822500559629 12.519656586670122
19.034283176379233 11.593041152126634
20.92403612313612 10.830601012323829
22.90481527389135 10.238195083024488
24.96395205666933 9.821682279991395
27.088777899494517 9.58692151898735
29.191476560302092 9.566161414857893
31.28620529010272 9.772178910908673
33.348810673530366 10.196308012289329
35.35513929521899 10.829882724149513
37.28103773980258 11.664237051638878
39.10235259191508 12.690704999907075
40.79493043619045 13.900620574103755
42.33461785726267 15.28531777937856
43.697261439765704 16.836130620881157
44.858707768333524 18.54439310376118
45.79480342760007 20.401439233168283
46.481395002199356 22.39860301425213
46.89432907676531 24.527218452162355
47.00945223593191 26.77861955204862
46.80261106433309 29.144140319060565
46.734508095475014 29.61903533546224
46.64412313905175 30.193066556513664
46.504127064883605 30.878651100124387
46.28719074279088 31.688206084203976
45.96598504259387 32.63414862666198
45.51318083411289 33.728895845407976
44.901448987168244 34.984864858351486
44.10346037158024 36.4144727834021
43.091885857169196 38.030136738469366
41.83939631375535 39.84427384146283
40.318662611159084 41.86930121029207
38.502355619200664 44.11763596286662
36.36314620770041 46.601695217096065
33.87370524647859 49.333896090889944
31.006703605355582 52.326655702157815
27.73481215415159 55.59239116880923
24.40859567154087 58.88763861092062
21.469808324167452 61.88893829196353
18.89502756370088 64.60617431851425
16.660830841810693 67.0492307971491
14.743795610166428 69.22799183444438
13.120499320437622 71.15234153697641
11.767519424293809 72.83216401132145
10.661433373404531 74.27734336405584
9.77881861943932 75.49776370175584
9.096252614067724 76.50330913099776
8.590312808959274 77.30386375835798
8.237576655783496 77.9093116904127
8.014621606209946 78.3295370337383
7.898025111908165 78.574423894911
7.864364624547669 79.24116024837726
9.953255508933978 79.24116024837726
12.042146393320285 79.24116024837726
14.131037277706593 79.24116024837726
16.219928162092902 79.24116024837726
18.308819046479208 79.24116024837726
20.397709930865517 79.24116024837726
22.486600815251826 79.24116024837726
24.575491699638135 79.24116024837726
26.66438258402444 79.24116024837726
28.75327346841075 79.24116024837726
30.84216435279706 79.24116024837726
32.931055237183365 79.24116024837726
35.019946121569674 79.24116024837726
37.10883700595598 79.24116024837726
39.19772789034229 79.24116024837726
41.2866187747286 79.24116024837726
43.375509659114904 79.24116024837726
45.46440054350121 79.24116024837726
47.55329142788752 79.24116024837726
49.64218231227383 79.24116024837726
;
