5
;
47.194254743441036 10.330839751622761
45.073455620565014 10.330839751622761
42.95265649768899 10.330839751622761
40.83185737481297 10.330839751622761
38.71105825193695 10.330839751622761
36.590259129060925 10.330839751622761
34.4694600061849 10.330839751622761
32.34866088330888 10.330839751622761
30.227861760432862 10.330839751622761
28.10706263755684 10.330839751622761
25.986263514680818 10.330839751622761
23.8654643918048 10.330839751622761
21.744665268928777 10.330839751622761
19.623866146052755 10.330839751622761
17.503067023176733 10.330839751622761
15.382267900300711 10.330839751622761
13.261468777424689 10.330839751622761
11.140669654548667 10.330839751622761
11.038179371724283 12.36222018872629
10.935689088899899 14.393600625829812
10.833198806075515 16.424981062933337
10.730708523251131 18.456361500036863
10.628218240426747 20.487741937140385
10.525727957602362 22.51912237424391
10.423237674777978 24.550502811347435
10.320747391953594 26.58188324845096
10.21825710912921 28.61326368555449
10.115766826304826 30.644644122658015
10.013276543480442 32.67602455976154
9.910786260656058 34.707404996865066
9.808295977831673 36.73878543396859
9.705805695007289 38.77016587107211
9.603315412182905 40.80154630817564
9.500825129358521 42.83292674527917
9.985638714404196 44.864307182382696
11.234677426999077 43.144955532397475
12.6366500667873 41.582296554359985
14.180045477958645 40.177974699100275
15.853352504702848 38.93363441744837
17.64505999120966 37.8509201602343
19.54365678166882 36.93147637828812
21.53763172027008 36.17694752243985
23.61547365120318 35.58897804351953
25.765671418657874 35.169212392357196
27.97671386682391 34.919295019782886
30.19331079342018 34.86937478871784
32.332780006694676 35.04423904638534
34.38708836601632 35.433344295706945
36.34820273075389 36.026147039604304
38.208089960276226 36.81210378099897
39.95871691395217 37.780671022812626
41.592050451150584 38.921305267966815
43.100057431240316 40.22346301938318
44.47470471359022 41.67660077998334
45.70795915756913 43.27017505268888
46.79178762254587 44.9936423404214
47.7181569678893 46.83645914610253
48.479034052968274 48.78808197265385
49.06638573715162 50.83796732299702
49.47217887980819 52.9755717000536
49.68838034030683 55.1903516067452
49.70695697801638 57.471763545993454
49.53460307679614 59.71893900493273
49.1881499789209 61.88834123032093
48.674770131382786 63.97251087728638
48.00163598117387 65.96398860095717
47.17591997528629 67.85531505646154
46.20479456071213 69.6390308989277
45.095432184443496 71.30767678348394
43.855005293472495 72.85379336525841
42.49068633479122 74.26992129937929
41.009647755391796 75.54860124097486
39.419062002266315 76.68237384517325
37.72610152240686 77.66377976710277
35.93793876280556 78.48535966189158
34.06174617045451 79.13965418466789
32.10469619234582 79.61920399055992
30.073961275471582 79.91654973469589
27.97671386682391 80.024232072204
25.60080276498591 79.92623042753539
23.31808368185127 79.61492849005806
21.140205619757886 79.09641551099408
19.078817581043694 78.37678074156561
17.145568568046606 77.46211343299473
15.352107583104544 76.3585028365035
13.710083628555424 75.07203820331404
12.231145706737165 73.60880878464843
10.926942819987685 71.97490383172877
9.809123970644906 70.17641259577714
8.889338161046744 68.21942432801566
;
