8
;
31.556090634973344 44.66744766311472
33.82834732580842 44.32060877175779
36.00565941176475 43.758710504877584
38.07291623210202 42.994980041422494
40.015007126079794 42.042644560340904
41.816821432957695 40.91493124058121
43.46324849199534 39.6250672610918
44.93917764245233 38.18627980082104
46.22949822358829 36.61179603871734
47.319099574662836 34.914843153729066
48.19287103493556 33.10864832480461
48.83570194366608 31.20643873089236
49.23248164011401 29.221441550940693
49.368099463538954 27.16688396389801
49.23248164011402 25.11232637685532
48.835701943666066 23.12732919690366
48.19287103493555 21.225119602991406
47.31909957466282 19.418924774066962
46.22949822358828 17.721971889078684
44.93917764245233 16.14748812697498
43.46324849199534 14.708700666704221
41.81682143295769 13.418836687214807
40.01500712607978 12.291123367455114
38.07291623210202 11.338787886373533
36.00565941176476 10.575057422918446
33.828347325808416 10.013159156038238
31.556090634973366 9.666320264681298
29.204000000000004 9.54776792779601
26.851909365026643 9.6663202646813
24.579652674191593 10.013159156038238
22.402340588235248 10.575057422918444
20.335083767897995 11.338787886373531
18.392992873920225 12.291123367455114
16.591178567042324 13.41883668721481
14.944751508004677 14.708700666704225
13.468822357547678 16.147488126974977
12.178501776411714 17.721971889078684
11.088900425337178 19.41892477406696
10.215128965064455 21.225119602991416
9.572298056333933 23.127329196903663
9.175518359886 25.11232637685532
9.039900536461044 27.166883963898016
9.175518359885995 29.221441550940675
9.57229805633393 31.206438730892348
10.215128965064457 33.108648324804605
11.088900425337183 34.91484315372905
12.178501776411714 36.611796038717344
13.468822357547676 38.18627980082104
14.944751508004678 39.6250672610918
16.591178567042316 40.914931240581204
18.39299287392022 42.042644560340904
20.335083767898 42.994980041422494
22.402340588235255 43.75871050487758
24.579652674191593 44.32060877175778
26.85190936502664 44.66744766311473
29.204000000000004 44.786
31.594584865906413 44.88940028393731
33.91023845907071 45.19243167816218
36.13763115689164 45.68433999629408
38.263433336768095 46.3543710519524
40.274315376099004 47.19177065875667
42.15694765228315 48.18578463032627
43.8980005427194 49.32565878028065
45.48414442480665 50.600638922239284
46.90204967594374 51.99997086982161
48.13838667352954 53.51290043664707
49.1798257949629 55.12867343633513
50.01303741764268 56.836535682505186
50.624691918967734 58.62573298877673
51.00145967633694 60.485511168769186
51.130011067149155 62.40511603610201
51.00145967633695 64.32472090343484
50.62469191896773 66.1844990834273
50.01303741764268 67.97369638969883
49.179825794962895 69.68155863586887
48.13838667352954 71.29733163555696
46.90204967594374 72.8102612023824
45.484144424806644 74.2095931499647
43.8980005427194 75.48457329192338
42.15694765228314 76.62444744187776
40.274315376099 77.61846141344736
38.26343333676811 78.4558610202516
36.137631156891636 79.12589207590995
33.9102384590707 79.61780039404184
31.594584865906437 79.9208317882667
29.204000000000004 80.024232072204
26.813415134093574 79.92083178826672
24.49776154092932 79.61780039404182
22.27036884310838 79.12589207590995
20.1445666632319 78.45586102025162
18.13368462390102 77.61846141344735
16.25105234771688 76.62444744187775
14.50999945728061 75.48457329192337
12.92385557519336 74.20959314996472
11.505950324056268 72.8102612023824
10.269613326470473 71.29733163555693
9.228174205037115 69.6815586358689
8.394962582357334 67.97369638969883
7.783308081032269 66.1844990834273
7.406540323663061 64.32472090343482
7.277988932850846 62.405116036102015
7.406540323663058 60.48551116876921
7.783308081032266 58.62573298877672
8.394962582357334 56.8365356825052
9.228174205037114 55.128673436335106
10.269613326470473 53.512900436647065
11.505950324056265 51.99997086982161
12.923855575193363 50.60063892223929
14.50999945728061 49.32565878028064
16.25105234771688 48.18578463032625
18.133684623901026 47.19177065875665
20.1445666632319 46.3543710519524
22.270368843108383 45.68433999629406
24.497761540929318 45.19243167816219
26.813415134093574 44.88940028393731
;
