sep
;
33.941917137184774 9.586000000000013
33.25408377841803 11.48870270270271
32.56625041965128 13.391405405405422
31.878417060884537 15.29410810810812
31.19058370211779 17.196810810810824
30.502750343351053 19.09951351351352
29.814916984584308 21.002216216216233
29.127083625817562 22.90491891891893
28.439250267050816 24.807621621621635
27.75141690828407 26.710324324324333
27.063583549517325 28.613027027027044
26.37575019075058 30.515729729729742
25.687916831983834 32.418432432432446
25.000083473217096 34.321135135135144
24.312250114450347 36.223837837837856
23.624416755683605 38.12654054054055
22.93658339691686 40.02924324324326
22.248750038150114 41.93194594594596
21.560916679383368 43.83464864864867
20.873083320616626 45.737351351351364
20.18524996184988 47.64005405405407
19.49741660308314 49.54275675675677
18.809583244316393 51.44545945945947
18.121749885549647 53.348162162162176
17.4339165267829 55.25086486486488
16.746083168016156 57.15356756756758
16.058249809249414 59.05627027027029
15.370416450482669 60.95897297297299
14.682583091715923 62.86167567567569
13.99474973294918 64.7643783783784
13.306916374182435 66.6670810810811
12.61908301541569 68.5697837837838
11.931249656648944 70.4724864864865
11.2434162978822 72.3751891891892
10.555582939115457 74.27789189189191
9.867749580348711 76.18059459459461
9.179916221581966 78.08329729729732
;
8.492082862815222 79.98600000000002
;
