drozBot
;
50.30203944265952 9.586000000000006
50.30203944265952 11.65266874892485
50.30203944265952 13.719337497849693
50.30203944265952 15.786006246774537
50.30203944265952 17.85267499569938
50.30203944265952 19.91934374462422
50.30203944265952 21.98601249354907
50.30203944265952 24.052681242473913
50.30203944265952 26.119349991398757
50.30203944265952 28.1860187403236
50.30203944265952 30.25268748924844
50.30203944265952 32.319356238173285
50.30203944265952 34.386024987098125
50.30203944265952 36.45269373602297
50.30203944265952 38.51936248494782
50.30203944265952 40.58603123387266
50.30203944265952 42.65269998279751
50.30203944265952 44.71936873172235
50.30203944265952 46.786037480647195
50.30203944265952 48.852706229572036
50.30203944265952 50.919374978496876
50.30203944265952 52.98604372742172
50.30203944265952 55.05271247634657
50.19815053267167 59.307487598537946
49.892811494832294 61.43651691674618
49.39551386732757 63.49697764170992
48.71574918834374 65.47937823524292
47.86300899606703 67.37422715915899
46.84678482868363 69.17203287527188
45.67656822437978 70.86330384539542
44.361850721341675 72.43854853134334
42.91212385775554 73.88827539492948
41.33687917180761 75.20299289796758
39.64560820168408 76.37320950227145
37.84780248557116 77.38943366965482
35.95295356165511 78.24217386193155
33.97055296812211 78.92193854091536
31.910092243158385 79.4192361684201
29.781062924950152 79.72457520625947
27.592956551683606 79.82846411624732
25.404850178417075 79.72457520625947
23.27582086020884 79.41923616842008
21.21536013524511 78.92193854091538
19.232959541712102 78.24217386193155
17.338110617796037 77.38943366965482
15.540304901683134 76.37320950227144
13.84903393155961 75.20299289796756
12.273789245611672 73.88827539492948
10.82406238202554 72.43854853134336
9.509344878987449 70.86330384539541
8.339128274683592 69.17203287527187
7.322904107300195 67.37422715915895
6.470163915023472 65.47937823524292
5.790399236039649 63.49697764170993
5.293101608534927 61.43651691674616
4.987762570695542 59.30748759853794
4.883873660707696 57.11938122527141
4.987762570695541 54.931274852004876
5.293101608534929 52.802245533796636
5.7903992360396455 50.741784808832904
6.4701639150234715 48.7593842152999
7.322904107300191 46.86453529138384
8.339128274683588 45.06672957527092
9.509344878987443 43.375458605147415
10.824062382025545 41.80021391919947
12.273789245611672 40.35048705561335
13.849033931559607 39.03576955257524
15.540304901683134 37.865552948271386
17.33811061779604 36.84932878088798
19.232959541712106 35.996588588611274
21.215360135245103 35.31682390962743
23.27582086020883 34.81952628212274
25.404850178417075 34.51418724428332
27.592956551683606 34.4102983342955
29.781062924950135 34.51418724428334
31.910092243158374 34.81952628212273
33.97055296812211 35.31682390962745
35.95295356165511 35.996588588611274
37.84780248557117 36.849328780887994
39.645608201684084 37.865552948271386
41.33687917180761 39.035769552575246
42.91212385775555 40.35048705561334
44.36185072134167 41.80021391919947
45.676568224379785 43.375458605147415
46.84678482868363 45.06672957527094
47.86300899606704 46.864535291383845
48.71574918834374 48.75938421529991
49.395513867327566 50.741784808832925
49.89281149483229 52.80224553379663
50.198150532671676 54.93127485200487
50.30203944265952 57.119381225271404
50.30203944265952 59.19816475024674
50.30203944265952 61.27694827522207
50.30203944265952 63.3557318001974
50.30203944265952 65.43451532517273
50.30203944265952 67.51329885014805
50.30203944265952 69.59208237512338
50.30203944265952 71.6708659000987
50.30203944265952 73.74964942507404
50.30203944265952 75.82843295004936
50.30203944265952 77.90721647502468
50.30203944265952 79.98600000000002
;
67.70758894411512 34.943575714225375
67.70758894411512 36.99095863630604
67.70758894411512 39.038341558386705
67.70758894411512 41.08572448046737
67.70758894411512 43.133107402548035
67.70758894411512 45.18049032462871
67.70758894411512 47.227873246709365
67.70758894411512 49.27525616879004
67.70758894411512 51.3226390908707
67.70758894411512 53.37002201295137
67.70758894411512 55.41740493503203
67.70758894411512 57.4647878571127
67.70758894411512 59.51217077919336
67.70758894411512 61.55955370127403
67.70758894411512 63.60693662335469
67.70758894411512 65.65431954543536
67.70758894411512 67.70170246751603
67.70758894411512 69.74908538959669
67.70758894411512 71.79646831167736
67.70758894411512 73.84385123375802
67.70758894411512 75.89123415583869
67.70758894411512 77.93861707791936
67.70758894411512 79.98600000000002
67.81997892372823 45.50529305861742
68.23182561885173 44.80155688700152
68.93912104875518 43.751337869532165
69.93785723270821 42.452342610805815
71.2240261899804 41.002277715418884
72.79361993984136 39.498849787967806
74.64263050156072 38.039765433049
76.76704989440802 36.72273125525895
79.16287013765287 35.645453859194035
81.82608325056492 34.90563984945072
84.75268125241371 34.60099583062539
87.93865616246887 34.82922840731452
91.38 35.688044184114574
;
143.24908289097593 57.315149181228094
143.1451939809881 55.127042807961566
142.83985494314868 52.99801348975333
142.342557315644 50.9375527647896
141.66279263666013 48.9551521712566
140.81005244438342 47.060303247340535
139.79382827700002 45.262497531227616
138.62361167269617 43.5712265611041
137.30889416965806 41.995981875156154
135.85916730607195 40.54625501157004
134.283922620124 39.23153750853194
132.59265165000048 38.06132090422808
130.7948459338876 37.045096736844684
128.89999700997151 36.192356544567964
126.9175964164385 35.512591865584135
124.85713569147478 35.01529423807943
122.72810637326654 34.70995520024003
120.54 34.60606629025219
118.35189362673347 34.70995520024003
116.22286430852523 35.01529423807942
114.16240358356151 35.51259186558414
112.1800029900285 36.192356544567964
110.28515406611244 37.04509673684468
108.48734834999954 38.06132090422807
106.79607737987601 39.231537508531936
105.22083269392807 40.546255011570025
103.77110583034194 41.995981875156176
102.45638832730384 43.57122656110409
101.28617172299998 45.26249753122762
100.26994755561658 47.06030324734053
99.41720736333987 48.9551521712566
98.73744268435604 50.9375527647896
98.24014505685133 52.99801348975332
97.93480601901193 55.127042807961566
97.83091710902409 57.315149181228094
97.93480601901193 59.50325555449463
98.24014505685133 61.632284872702854
98.73744268435604 63.69274559766657
99.41720736333987 65.6751461911996
100.2699475556166 67.56999511511566
101.28617172299998 69.36780083122856
102.45638832730384 71.05907180135208
103.77110583034194 72.63431648730003
105.22083269392806 74.08404335088616
106.79607737987601 75.39876085392426
108.48734834999954 76.56897745822812
110.28515406611244 77.58520162561152
112.1800029900285 78.43794181788823
114.1624035835615 79.11770649687206
116.22286430852523 79.61500412437677
118.35189362673347 79.92034316221616
120.53999999999999 80.024232072204
122.72810637326654 79.92034316221614
124.85713569147478 79.61500412437675
126.9175964164385 79.11770649687205
128.89999700997151 78.43794181788823
130.79484593388756 77.5852016256115
132.5926516500005 76.56897745822809
134.283922620124 75.39876085392424
135.85916730607195 74.08404335088616
137.30889416965806 72.63431648730004
138.62361167269617 71.05907180135209
139.79382827700005 69.36780083122858
140.81005244438342 67.56999511511566
141.66279263666013 65.6751461911996
142.34255731564397 63.692745597666594
142.83985494314868 61.632284872702854
143.14519398098807 59.50325555449462
;
153.37071823826756 35.78067402599232
155.47470939956727 35.78067402599232
157.578700560867 35.78067402599232
159.68269172216668 35.78067402599232
161.7866828834664 35.78067402599232
163.89067404476612 35.78067402599232
165.9946652060658 35.78067402599232
168.09865636736552 35.78067402599232
170.20264752866524 35.78067402599232
172.30663868996496 35.78067402599232
174.41062985126464 35.78067402599232
176.51462101256436 35.78067402599232
178.61861217386408 35.78067402599232
180.7226033351638 35.78067402599232
182.82659449646349 35.78067402599232
184.9305856577632 35.78067402599232
183.70089870320047 37.994357835656416
182.47121174863773 39.62073777745045
181.241524794075 41.24711771924448
180.01183783951225 42.87349766103851
178.78215088494952 44.49987760283254
177.5524639303868 46.126257544626576
176.32277697582407 47.7526374864206
175.09309002126133 49.37901742821464
173.8634030666986 51.005397370008666
172.63371611213586 52.63177731180269
171.40402915757312 54.25815725359673
170.17434220301038 55.88453719539076
168.94465524844765 57.51091713718479
167.7149682938849 59.13729707897882
166.48528133932217 60.763677020772846
165.25559438475943 62.39005696256689
164.0259074301967 64.01643690436092
162.796220475634 65.64281684615494
161.56653352107125 67.26919678794897
160.3368465665085 68.895576729743
159.10715961194578 70.52195667153704
157.87747265738304 72.14833661333107
156.6477857028203 73.7747165551251
155.41809874825756 75.40109649691914
154.18841179369483 77.02747643871317
152.9587248391321 79.24116024837726
155.07915343137947 79.24116024837726
157.19958202362682 79.24116024837726
159.3200106158742 79.24116024837726
161.44043920812155 79.24116024837726
163.5608678003689 79.24116024837726
165.68129639261628 79.24116024837726
167.80172498486365 79.24116024837726
169.922153577111 79.24116024837726
172.04258216935835 79.24116024837726
174.16301076160573 79.24116024837726
176.28343935385308 79.24116024837726
178.40386794610046 79.24116024837726
180.5242965383478 79.24116024837726
182.6447251305952 79.24116024837726
184.76515372284254 79.24116024837726
186.8855823150899 79.24116024837726
;
223.53301105306883 42.43678452851974
225.7118245670523 42.29028710731164
227.80138692611524 41.863528824155836
229.78259715955494 41.175610649755015
231.63635429666863 40.24563355481192
233.3435573667537 39.09269851002926
234.88510539910732 37.735906486109755
236.2418974230268 36.194358453756124
237.3948324678095 34.48715538367109
238.3248095627526 32.63339824655736
239.0127277371534 30.65218801311767
239.4394860203092 28.562625654054727
239.58598344151733 26.383812140071253
239.43948602030923 24.204998626087775
239.0127277371534 22.115436267024837
238.3248095627526 20.134226033585144
237.39483246780947 18.280468896471415
236.2418974230268 16.573265826386386
234.88510539910732 15.031717794032755
233.3435573667537 13.674925770113253
231.63635429666866 12.52199072533059
229.78259715955494 11.592013630387493
227.80138692611524 10.904095455986678
225.7118245670523 10.477337172830861
223.53301105306883 10.330839751622761
221.468548972071 10.330839751622761
219.4040868910732 10.330839751622761
217.33962481007538 10.330839751622761
215.27516272907758 10.330839751622761
213.21070064807975 10.330839751622761
211.14623856708195 10.330839751622761
209.08177648608415 10.330839751622761
207.01731440508632 10.330839751622761
204.95285232408852 10.330839751622761
202.88839024309073 10.330839751622761
200.8239281620929 10.330839751622761
200.8239281620929 12.357613883880248
200.8239281620929 14.384388016137734
200.8239281620929 16.41116214839522
200.8239281620929 18.437936280652707
200.8239281620929 20.464710412910186
200.8239281620929 22.491484545167673
200.8239281620929 24.51825867742516
200.8239281620929 26.545032809682645
200.8239281620929 28.571806941940125
200.8239281620929 30.59858107419761
200.8239281620929 32.6253552064551
200.8239281620929 34.652129338712584
200.8239281620929 36.67890347097006
200.8239281620929 38.70567760322755
200.8239281620929 40.732451735485036
200.8239281620929 42.75922586774252
200.8239281620929 44.78600000000001
200.8239281620929 46.812774132257495
200.8239281620929 48.83954826451498
200.8239281620929 50.86632239677246
200.8239281620929 52.89309652902995
200.8239281620929 54.91987066128743
200.8239281620929 56.94664479354492
200.8239281620929 58.973418925802406
200.8239281620929 61.00019305805989
200.8239281620929 63.02696719031738
200.8239281620929 65.05374132257487
200.8239281620929 67.08051545483235
200.8239281620929 69.10728958708982
200.8239281620929 71.13406371934731
200.8239281620929 73.1608378516048
200.8239281620929 75.18761198386228
200.8239281620929 77.21438611611977
200.8239281620929 79.24116024837726
202.88839024309073 79.24116024837726
204.95285232408852 79.24116024837726
207.01731440508632 79.24116024837726
209.08177648608415 79.24116024837726
211.14623856708195 79.24116024837726
213.21070064807978 79.24116024837726
215.27516272907758 79.24116024837726
217.33962481007538 79.24116024837726
219.4040868910732 79.24116024837726
221.468548972071 79.24116024837726
223.5330110530688 79.24116024837724
225.6576213208527 79.11306921771961
227.70988876526192 78.73901258758805
229.67620094970883 78.13431505074487
231.54294543760574 77.31430129995225
233.29650979236504 76.29429602797236
234.92328157739902 75.08962392756744
236.40964835612004 73.71560969149971
237.7419976919404 72.18757801253136
238.90671714827255 70.52085358342461
239.89019428852873 68.73076109694163
240.6788166761213 66.83262524584464
241.25897187446265 64.84177072289587
241.61704744696505 62.77352222085753
241.7394309570409 60.6432044324918
241.61704744696505 58.518594164707906
241.25897187446265 56.46632672029869
240.6788166761213 54.500014535851776
239.89019428852873 52.633270047954866
238.90671714827255 50.87970569319559
237.7419976919404 49.25293390816161
236.40964835612004 47.7665671294406
234.92328157739902 46.434217793620206
233.29650979236504 45.269498337288084
231.54294543760577 44.28602119703191
229.67620094970886 43.497398809439325
227.70988876526195 42.917243611097994
225.6576213208527 42.55916803859559
221.468548972071 42.436784528519745
219.4040868910732 42.436784528519745
217.33962481007538 42.436784528519745
215.27516272907758 42.436784528519745
213.21070064807975 42.436784528519745
211.14623856708195 42.436784528519745
209.08177648608415 42.436784528519745
207.01731440508632 42.436784528519745
204.95285232408852 42.436784528519745
202.88839024309073 42.436784528519745
;
299.6570828909759 57.315149181228094
299.5531939809881 55.127042807961566
299.2478549431487 52.99801348975333
298.750557315644 50.9375527647896
298.07079263666014 48.9551521712566
297.21805244438343 47.060303247340535
296.201828277 45.262497531227616
295.03161167269616 43.5712265611041
293.7168941696581 41.995981875156154
292.26716730607194 40.54625501157004
290.69192262012405 39.23153750853194
289.0006516500005 38.06132090422808
287.2028459338876 37.045096736844684
285.30799700997153 36.192356544567964
283.32559641643854 35.512591865584135
281.2651356914748 35.01529423807943
279.13610637326656 34.70995520024003
276.94800000000004 34.60606629025219
274.7598936267335 34.70995520024003
272.63086430852525 35.01529423807942
270.57040358356153 35.51259186558414
268.5880029900285 36.192356544567964
266.69315406611247 37.04509673684468
264.89534834999955 38.06132090422807
263.204077379876 39.231537508531936
261.6288326939281 40.546255011570025
260.17910583034194 41.995981875156176
258.86438832730386 43.57122656110409
257.694171723 45.26249753122762
256.6779475556166 47.06030324734053
255.82520736333987 48.9551521712566
255.14544268435606 50.9375527647896
254.64814505685135 52.99801348975332
254.34280601901196 55.127042807961566
254.2389171090241 57.315149181228094
254.34280601901196 59.50325555449463
254.64814505685135 61.632284872702854
255.14544268435606 63.69274559766657
255.82520736333987 65.6751461911996
256.6779475556166 67.56999511511566
257.694171723 69.36780083122856
258.86438832730386 71.05907180135208
260.17910583034194 72.63431648730003
261.6288326939281 74.08404335088616
263.204077379876 75.39876085392426
264.89534834999955 76.56897745822812
266.69315406611247 77.58520162561152
268.5880029900285 78.43794181788823
270.57040358356153 79.11770649687206
272.63086430852525 79.61500412437677
274.7598936267335 79.92034316221616
276.94800000000004 80.024232072204
279.13610637326656 79.92034316221614
281.2651356914748 79.61500412437675
283.32559641643854 79.11770649687205
285.30799700997153 78.43794181788823
287.2028459338876 77.5852016256115
289.0006516500005 76.56897745822809
290.69192262012405 75.39876085392424
292.267167306072 74.08404335088616
293.7168941696581 72.63431648730004
295.0316116726962 71.05907180135209
296.20182827700006 69.36780083122858
297.21805244438343 67.56999511511566
298.07079263666014 65.6751461911996
298.750557315644 63.692745597666594
299.2478549431487 61.632284872702854
299.5531939809881 59.50325555449462
;
318.70087292490956 9.586000000000006
318.70087292490956 11.665222481160265
318.70087292490956 13.744444962320525
318.70087292490956 15.823667443480783
318.70087292490956 17.902889924641045
318.70087292490956 19.982112405801303
318.70087292490956 22.06133488696156
318.70087292490956 24.14055736812182
318.70087292490956 26.21977984928208
318.70087292490956 28.299002330442338
318.70087292490956 30.3782248116026
318.70087292490956 32.45744729276285
318.70087292490956 34.536669773923116
318.70087292490956 36.61589225508338
318.70087292490956 38.69511473624364
318.70087292490956 40.7743372174039
318.70087292490956 42.853559698564155
318.70087292490956 44.93278217972441
318.70087292490956 47.01200466088467
318.70087292490956 49.09122714204493
318.70087292490956 51.170449623205194
318.70087292490956 53.24967210436545
318.70087292490956 55.3288945855257
318.70087292490956 57.40811706668597
318.70087292490956 59.487339547846226
318.70087292490956 61.566562029006484
318.70087292490956 63.64578451016675
318.70087292490956 65.725006991327
318.70087292490956 67.80422947248726
318.70087292490956 69.88345195364752
318.9688410162264 72.21537363776486
319.7323360444575 74.35483772786294
320.9307441410238 76.24123035536282
322.5034514373464 77.81393765168542
324.38984406484633 79.01234574825175
326.52930815494443 79.77584077648287
328.86122983906176 80.04380886779967
331.0998413420496 79.83036741581911
333.1880681004628 79.19113065963276
335.07065372988274 78.12772999887358
336.69234184589124 76.64179683317455
337.99787606406977 74.73496256216866
338.9320000000001 72.40885858548882
;
305.6120000000001 35.78067402599232
307.66533333333336 35.78067402599232
309.7186666666667 35.78067402599232
311.77200000000005 35.78067402599232
313.8253333333334 35.78067402599232
315.87866666666673 35.78067402599232
317.9320000000001 35.78067402599232
319.98533333333336 35.78067402599232
322.0386666666667 35.78067402599232
324.09200000000004 35.78067402599232
326.1453333333334 35.78067402599232
328.1986666666667 35.78067402599232
330.25200000000007 35.78067402599232
332.3053333333334 35.78067402599232
334.3586666666667 35.78067402599232
336.41200000000003 35.78067402599232
;
