0
;
58.76867405415299 44.78600000000001
58.70774297723612 42.37362727085368
58.52756678339664 40.004843500650836
58.232071028001386 37.6848997569601
57.825181266417275 35.4190471073501
57.31082305401113 33.212536619389475
56.692921946149724 31.070619360646855
55.97540349819997 28.99854639869087
55.16219326552866 27.00156880109014
54.25721680350268 25.084937635413297
53.26439966748882 23.253903969228986
52.187667412853926 21.513718870105812
51.03094559496487 19.86963340561243
49.79815976918848 18.326898643317456
48.49323549089158 16.890765650789522
47.120098315441034 15.566485495597256
45.68267379820366 14.359309245309296
44.18488749454632 13.274487967494267
42.630664959835826 12.317272729720793
41.023931749439036 11.492914599557512
39.36861341872278 10.80666464457305
37.66863552305392 10.26377393233604
35.92792361779927 9.86949353041511
34.15040325832568 9.62907450637889
32.339999999999996 9.547767927796016
30.529596741674315 9.629074506378895
28.752076382200723 9.869493530415113
27.011364476946078 10.263773932336045
25.31138658127721 10.806664644573061
23.65606825056096 11.492914599557526
22.049335040164173 12.317272729720782
20.495112505453687 13.274487967494254
18.997326201796334 14.359309245309298
17.559901684558962 15.566485495597256
16.186764509108414 16.890765650789525
14.88184023081152 18.326898643317453
13.649054405035127 19.86963340561243
12.492332587146068 21.513718870105816
11.415600332511193 23.253903969228983
10.422783196497335 25.084937635413286
9.517806734471332 27.00156880109013
8.704596501800031 28.998546398690866
7.987078053850263 31.070619360646855
7.369176945988877 33.21253661938948
6.854818733582706 35.4190471073501
6.447928971998594 37.6848997569601
6.152433216603377 40.00484350065083
5.972257022763898 42.37362727085368
5.91132594584699 44.78600000000001
5.972257022763903 47.19837272914634
6.15243321660338 49.56715649934917
6.447928971998593 51.887100243039924
6.854818733582702 54.15295289264993
7.369176945988876 56.35946338061052
7.987078053850263 58.50138063935317
8.704596501800026 60.57345360130914
9.517806734471328 62.57043119890989
10.42278319649733 64.4870623645867
11.415600332511191 66.31809603077102
12.492332587146075 68.05828112989423
13.649054405035127 69.70236659438758
14.881840230811523 71.24510135668255
16.186764509108414 72.6812343492105
17.559901684558973 74.00551450440277
18.997326201796337 75.21269075469071
20.495112505453687 76.29751203250575
22.049335040164173 77.25472727027922
23.65606825056096 78.0790854004425
25.311386581277212 78.76533535542697
27.011364476946078 79.30822606766397
28.752076382200723 79.70250646958489
30.529596741674304 79.94292549362112
32.339999999999996 80.024232072204
34.15040325832565 79.94292549362113
35.92792361779925 79.70250646958492
37.668635523053936 79.30822606766398
39.36861341872279 78.76533535542697
41.02393174943905 78.0790854004425
42.63066495983584 77.2547272702792
44.1848874945463 76.29751203250575
45.68267379820366 75.21269075469071
47.12009831544104 74.00551450440275
48.493235490891585 72.6812343492105
49.79815976918848 71.24510135668254
51.030945594964855 69.70236659438757
52.18766741285392 68.0582811298942
53.26439966748881 66.31809603077104
54.25721680350266 64.48706236458669
55.162193265528664 62.570431198909866
55.97540349819996 60.57345360130914
56.692921946149724 58.50138063935315
57.31082305401112 56.35946338061053
57.825181266417296 54.15295289264991
58.2320710280014 51.88710024303991
58.52756678339662 49.56715649934918
58.707742977236094 47.198372729146335
;
