3
;
8.774685619746272 22.527183407724483
8.923958686163248 22.086705506821932
9.928319267943639 19.78035748144503
10.99720348246539 18.02559412926946
12.27841723960102 16.395969302208808
13.755810786109327 14.9055147530792
15.413234368749105 13.568262234696759
17.23453823427915 12.398243499877626
19.20357262945825 11.409490301437922
21.304187801045213 10.616034392193779
23.520233995798808 10.031907524961326
25.835561460477855 9.67114145255669
28.234020441841146 9.547767927796013
30.58611107681451 9.666320264681298
32.858367767649554 10.013159156038238
35.0356798536059 10.575057422918446
37.102936673943155 11.338787886373533
39.045027567920926 12.291123367455114
40.846841874798834 13.418836687214807
42.493268933836475 14.708700666704221
43.96919808429348 16.14748812697498
45.25951866542944 17.721971889078684
46.34912001650397 19.418924774066962
47.222891476776695 21.225119602991406
47.86572238550722 23.12732919690366
48.262502081955155 25.11232637685532
48.3981199053801 27.16688396389801
48.26250208195514 29.221434416539967
47.86572238550722 31.20638165568654
47.2228914767767 33.10845569598498
46.349120016503974 34.91438655208252
45.259518665429425 36.61090423862643
43.96919808429346 38.18473877026395
42.493268933836475 39.622620161642345
40.84684187479883 40.911278427408845
39.045027567920926 42.03744358221071
37.10293667394314 42.98784564069521
35.0356798536059 43.74921461750957
32.858367767649526 44.30828052730105
30.586111076814497 44.651773384716876
28.234020441841146 44.76642320440434
27.11615801523493 44.76642320440434
25.998295588628714 44.76642320440434
27.11615801523493 44.776211602202174
30.624605307747576 44.88940028393731
32.940258900911836 45.19243167816219
35.16765159873277 45.68433999629406
37.29345377860925 46.3543710519524
39.30433581794013 47.19177065875665
41.18696809412428 48.18578463032625
42.92802098456055 49.32565878028064
44.514164866647796 50.60063892223929
45.93207011778489 51.99997086982161
47.16840711537067 53.512900436647065
48.20984623680404 55.128673436335106
49.04305785948384 56.8365356825052
49.65471236080889 58.62573298877672
50.03148011817809 60.48551116876921
50.1600315089903 62.405116036102015
50.03148011817809 64.32472090343482
49.65471236080888 66.1844990834273
49.043057859483824 67.97369638969883
48.20984623680403 69.6815586358689
47.168407115370684 71.29733163555693
45.93207011778489 72.8102612023824
44.51416486664779 74.20959314996472
42.92802098456055 75.48457329192337
41.186968094124296 76.62444744187775
39.30433581794015 77.61846141344735
37.293453778609255 78.45586102025162
35.16765159873276 79.12589207590995
32.94025890091182 79.61780039404182
30.624605307747583 79.92083178826672
28.234020441841146 80.024232072204
25.86300050116534 79.92242738868987
23.565493789285288 79.62403496533433
21.35454556280183 79.13958724291751
19.243201078315817 78.47961666221966
17.2445055924281 77.65465566402091
15.371504361739518 76.6752366891015
13.637242642850929 75.55189217824159
12.054765692363157 74.29515457222142
10.637118766877066 72.91555631182113
9.397347122993494 71.42362983782093
8.348496017313295 69.82990759100103
7.503610706437317 68.14492201214158
6.875736446966389 66.37920554202279
;
