4
;
53.05369059855536 64.3627955956689
51.01237279849256 64.3627955956689
48.971054998429736 64.3627955956689
46.92973719836693 64.3627955956689
44.88841939830412 64.3627955956689
42.84710159824131 64.3627955956689
40.805783798178496 64.3627955956689
38.76446599811569 64.3627955956689
36.723148198052876 64.3627955956689
34.68183039799007 64.3627955956689
32.640512597927255 64.3627955956689
30.599194797864442 64.3627955956689
28.557876997801635 64.3627955956689
26.51655919773882 64.3627955956689
24.47524139767601 64.3627955956689
22.4339235976132 64.3627955956689
20.39260579755039 64.3627955956689
18.351287997487578 64.3627955956689
16.309970197424768 64.3627955956689
14.268652397361958 64.3627955956689
12.227334597299146 64.3627955956689
10.186016797236336 64.3627955956689
8.144698997173524 64.3627955956689
6.103381197110714 64.3627955956689
7.189577597902662 62.05147069630929
8.275773998694618 60.32744966481973
9.36197039948657 58.60342863333018
10.448166800278518 56.87940760184063
11.53436320107047 55.155386570351084
12.620559601862425 53.43136553886153
13.706756002654373 51.70734450737198
14.792952403446325 49.98332347588243
15.879148804238273 48.25930244439288
16.96534520503023 46.53528141290332
18.051541605822177 44.811260381413774
19.13773800661413 43.087239349924225
20.22393440740608 41.363218318434676
21.310130808198032 39.63919728694512
22.396327208989984 37.91517625545558
23.482523609781932 36.19115522396602
24.568720010573884 34.46713419247647
25.654916411365836 32.74311316098692
26.741112812157787 31.01909212949737
27.827309212949736 29.29507109800782
28.91350561374169 27.571050066518268
29.99970201453364 25.84702903502872
31.085898415325595 24.12300800353917
32.17209481611754 22.398986972049617
33.2582912169095 20.674965940560064
34.344487617701446 18.950944909070515
35.430684018493395 17.226923877580965
36.51688041928535 15.502902846091413
37.6030768200773 13.778881814601863
38.689273220869254 12.054860783112312
40.36277348953127 10.330839751622761
40.36277348953127 12.37952093539856
40.36277348953127 14.428202119174372
40.36277348953127 16.47688330295017
40.36277348953127 18.52556448672597
40.36277348953127 20.574245670501774
40.36277348953127 22.622926854277573
40.36277348953127 24.671608038053378
40.36277348953127 26.720289221829177
40.36277348953127 28.768970405604975
40.36277348953127 30.817651589380773
40.36277348953127 32.86633277315658
40.36277348953127 34.91501395693238
40.36277348953127 36.96369514070818
40.36277348953127 39.01237632448398
40.36277348953127 41.061057508259786
40.36277348953127 43.109738692035585
40.36277348953127 45.15841987581139
40.36277348953127 47.207101059587195
40.36277348953127 49.255782243362994
40.36277348953127 51.3044634271388
40.36277348953127 53.3531446109146
40.36277348953127 55.401825794690396
40.36277348953127 57.450506978466194
40.36277348953127 59.499188162242
40.36277348953127 61.547869346017805
40.36277348953127 63.5965505297936
40.36277348953127 65.6452317135694
40.36277348953127 67.6939128973452
40.36277348953127 69.74259408112101
40.36277348953127 71.79127526489681
40.36277348953127 73.83995644867261
40.36277348953127 75.88863763244842
40.36277348953127 77.93731881622422
40.36277348953127 79.98600000000002
;
