6
;
49.64068003849961 20.589080643753263
48.5062047337306 18.584827887464282
47.248395616708876 16.74043924400953
45.86137964875573 15.0713020747272
44.339283791192486 13.5928037409555
42.67623500534041 12.320331604032614
40.86636025252082 11.269273025296748
38.903786494055005 10.45501536608609
36.782640691264284 9.892945987738841
34.49704980546995 9.598452251593194
32.04114079799328 9.586921518987346
29.112416211210594 9.88791355639799
26.424086883772212 10.46282061919571
23.966485100030877 11.293052876699566
21.729943144339337 12.36002049822853
19.704793301050355 13.645133653101585
17.881367854516665 15.129802510637804
16.249999089091027 16.795437240156154
14.80101928912618 18.62344801097565
13.524760738974882 20.595244992415246
12.411555722989874 22.692238353794018
11.451736525523916 24.89583826443093
10.635635430929746 27.187454893645008
9.953584723560123 29.54849841075527
9.395916687767787 31.96037898508067
8.952963607905497 34.404506785940264
8.615057768325991 36.86229198265302
8.372531453382027 39.31514474453796
8.215716947426351 41.74447524091411
8.134946534811716 44.13169364110044
8.120552499890863 46.45821011441599
8.162867127016549 48.70543483017974
8.252222700541518 50.85477795771069
8.378951504818524 52.88764966632785
8.53338582420031 54.785460125350255
8.705857943039632 56.52961950409688
8.886700145689232 58.101537971886735
9.066244716501865 59.482625698038824
9.234823939830282 60.654292851872164
9.382770100027226 61.59794960270575
9.500415481445447 62.295006119858584
9.5780923684377 62.72687257264968
10.090680139551708 64.93351911624873
10.765330475525936 66.9069799702244
11.619425258592809 68.78455447842532
12.642305694065776 70.55545542695191
13.823312987258284 72.20889560190449
15.151788343483759 73.73408778938338
16.61707296805565 75.12024477548894
18.20850806628739 76.35657934632155
19.915434843492406 77.43230428798151
21.727194504984137 78.33663238656919
23.633128256076034 79.05877642818496
25.622577302081524 79.58794919892908
27.684882848314043 79.913363484902
29.809386100087032 80.024232072204
31.90818013474233 79.91562769566093
33.947010673903655 79.59679262305562
35.91546798592863 79.07819393992375
37.80314233917474 78.37029873180117
39.59962400199967 77.48357408422362
41.29450324276094 76.42848708272685
42.87737032981611 75.21550481284666
44.33781553152279 73.85509436011884
45.66542911623854 72.35772281007911
46.84980135232095 70.73385724826328
47.8805225081276 68.99396476020709
48.74718285201604 67.14851243144633
49.43937265234385 65.20796734751677
49.946682177468624 63.182796593954166
50.25870169574794 61.0834672562943
50.36502147553936 58.92044642007294
50.25870169574797 56.76021202717003
49.946682177468645 54.662034546868185
49.439372652343856 52.63658180332996
48.74718285201604 50.69452162071782
47.8805225081276 48.84652182319424
46.849801352320966 47.10325023492172
45.665429116238556 45.47537468006273
44.3378155315228 43.973562982779754
42.87737032981612 42.608482967235275
41.29450324276094 41.39080245759178
39.59962400199967 40.33118927801175
37.80314233917476 39.44031125265768
35.915467985928615 38.72883620569203
33.94701067390366 38.20743196127731
31.90818013474232 37.88676634357598
29.809386100087025 37.77750717675054
27.707365908930978 37.88676634357596
25.666140844722413 38.20743196127732
23.69603460826374 38.72883620569205
21.80737090035737 39.44031125265767
20.01047342180569 40.33118927801175
18.31566587341111 41.390802457591775
16.733271955976036 42.608482967235275
15.273615370302872 43.97356298277975
13.947019817194018 45.47537468006272
12.763808997451884 47.10325023492172
11.734306611878866 48.84652182319425
10.868836361277372 50.69452162071782
10.177721946449802 52.63658180332997
9.671287068198563 54.66203454686819
9.359855427326057 56.760212027170006
9.253750724634688 58.92044642007294
9.3418463048152 60.91727957083118
;
