7
;
5.160000000000004 10.330839751622761
7.2674643654693725 10.330839751622761
9.374928730938741 10.330839751622761
11.48239309640811 10.330839751622761
13.589857461877477 10.330839751622761
15.697321827346846 10.330839751622761
17.804786192816216 10.330839751622761
19.91225055828558 10.330839751622761
22.01971492375495 10.330839751622761
24.12717928922432 10.330839751622761
26.234643654693688 10.330839751622761
28.342108020163057 10.330839751622761
30.449572385632425 10.330839751622761
32.55703675110179 10.330839751622761
34.66450111657116 10.330839751622761
36.77196548204053 10.330839751622761
38.8794298475099 10.330839751622761
40.986894212979266 10.330839751622761
43.094358578448634 10.330839751622761
45.201822943918 10.330839751622761
47.30928730938737 10.330839751622761
47.30928730938737 10.3406281494206
46.56695638450295 12.23044626282977
45.82462545961854 14.110475978441102
45.08229453473412 15.990505694052434
44.339963609849704 17.870535409663766
43.59763268496528 19.750565125275102
42.85530176008086 21.63059484088643
42.11297083519645 23.510624556497767
41.37063991031203 25.3906542721091
40.628308985427616 27.27068398772043
39.885978060543195 29.150713703331764
39.14364713565878 31.030743418943096
38.40131621077436 32.91077313455443
37.65898528588994 34.79080285016576
36.91665436100553 36.6708325657771
36.17432343612111 38.55086228138843
35.431992511236686 40.43089199699976
34.68966158635227 42.31092171261109
33.94733066146785 44.19095142822243
33.20499973658344 46.070981143833755
32.46266881169902 47.95101085944509
31.7203378868146 49.83104057505642
30.978006961930184 51.711070290667756
30.235676037045767 53.591100006279085
29.493345112161347 55.47112972189042
28.75101418727693 57.35115943750175
28.008683262392513 59.231189153113085
27.266352337508096 61.111218868724414
26.524021412623675 62.99124858433576
25.78169048773926 64.87127829994708
25.03935956285484 66.75130801555842
24.297028637970424 68.63133773116975
23.554697713086007 70.5113674467811
22.81236678820159 72.39139716239242
22.07003586331717 74.27142687800375
21.327704938432753 76.15145659361508
20.585374013548336 78.03148630922641
19.84304308866392 79.91151602483774
;
