9
;
49.141471750810055 28.711003716506394
49.22956733099056 30.69070717111841
49.123462628299194 32.85094156402135
48.81203098742669 34.94911904432317
48.30559610917545 36.974571787861386
47.61448169434788 38.91663197047353
46.74901144374638 40.76463176799711
45.719509058173365 42.50790335626963
44.536298238431236 44.135778911128625
43.209702685322384 45.63759060841161
41.750046099649225 47.00267062395609
40.16765218221414 48.22035113359958
38.47284463381956 49.279964313179605
36.675947155267906 50.17084233853368
34.7872834473615 50.88231738549933
32.81717721090283 51.40372162991406
30.775952146694266 51.72438724761539
28.67393195553823 51.83364641444081
26.57191176438218 51.724387247615375
24.530686700173618 51.40372162991405
22.560580463714942 50.88231738549932
20.671916755808567 50.17084233853368
18.875019277256893 49.27996431317961
17.180211728862314 48.22035113359958
15.597817811427241 47.00267062395608
14.138161225754077 45.6375906084116
12.811565672645221 44.13577891112864
11.628354852903096 42.507903356269615
10.598852467330069 40.7646317679971
9.733382216728577 38.91663197047353
9.042267801901012 36.97457178786139
8.535832923649764 34.949119044323176
8.224401282777261 32.850941564021355
8.118296580085893 30.69070717111841
8.224401282777263 28.53047277821548
8.53583292364977 26.432295297913655
9.042267801901009 24.40684255437543
9.733382216728577 22.464782371763288
10.59885246733007 20.616782574239718
11.628354852903092 18.873510985967187
12.811565672645228 17.24563543110819
14.138161225754079 15.743823733825213
15.597817811427243 14.378743718280743
17.18021172886231 13.161063208637238
18.87501927725689 12.101450029057215
20.67191675580857 11.210572003703142
22.560580463714945 10.499096956737496
24.530686700173618 9.977692712322767
26.571911764382175 9.657027094621444
28.67393195553823 9.54776792779601
30.79843520731121 9.659207267156194
32.86074075354374 9.986219658892011
34.85018979954921 10.517846663486349
36.75612355064111 11.2431298414221
38.567883212132855 12.151110753182154
40.27480998933787 13.230830959249403
41.8662450875696 14.471332020106736
43.331529712141474 15.861655496237047
44.660005068366985 17.390842948123225
45.84101236155948 19.04793593624816
46.86389279703244 20.821976021094738
47.717987580099305 22.702004763145858
48.39263791607353 24.677063722884416
48.90516952816699 26.884281018541657
48.98268271758864 27.31614747133276
49.10006403212291 28.0132039884856
49.24765292535921 28.956860739319186
49.41578885088697 30.128527893152526
49.59481126229559 31.50961561930462
49.775059613174506 33.08153408709447
49.94687335711311 34.8256934658411
50.10059194770085 36.72350392486349
50.226554838527115 38.75637563348066
50.31510148318135 40.90571876101161
50.356571335252944 43.15294347677536
50.341303848331336 45.4794599500909
50.25963847600594 47.86667835027723
50.10191467186614 50.29600884665337
49.85847188950142 52.74886160853832
49.519649582501145 55.20664680525108
49.075787204454755 57.65077460611068
48.51722420895166 60.062655180436096
47.83430004958128 62.423698697546335
47.017354179933015 64.71531532676042
46.056726053596314 66.91891523739734
44.942755124160584 69.0159085987761
43.66578084521521 70.98770558021572
42.21614267034967 72.81571635103518
40.58418005315334 74.48135108055354
38.76023244721563 75.96601993808976
36.734639306126006 77.25113309296285
34.49774008347386 78.31810071449179
32.03987423284853 79.14833297199564
29.35138120783959 79.72324003479338
26.422600462036307 80.024232072204
23.97144861588939 80.01270133959815
21.688618058274034 79.71820760345251
19.56858813283227 79.15613822510527
17.605838183206103 78.3418805658946
15.79484755303756 77.29082198715875
14.130095585968666 76.01834985023586
12.606061625641438 74.53985151646417
11.217225015697892 72.87071434718183
9.958065099780072 71.02632570372708
8.823061221529972 69.02207294743809
;
