drozBot
;
1.020979020979020935e-01 2.559440559440559482e-01
1.034965034965034947e-01 2.573426573426573216e-01
1.034965034965034947e-01 2.601398601398601240e-01
1.034965034965034947e-01 2.629370629370629264e-01
1.034965034965034947e-01 2.657342657342657288e-01
1.020979020979020935e-01 2.685314685314685312e-01
1.020979020979020935e-01 2.713286713286713336e-01
1.020979020979020935e-01 2.741258741258741360e-01
1.020979020979020935e-01 2.769230769230769384e-01
1.006993006993007062e-01 2.797202797202797409e-01
1.006993006993007062e-01 2.839160839160839167e-01
9.930069930069930495e-02 2.853146853146852902e-01
9.930069930069930495e-02 2.867132867132867191e-01
9.790209790209790375e-02 2.909090909090908950e-01
9.790209790209790375e-02 2.937062937062936974e-01
9.650349650349650255e-02 2.965034965034964998e-01
9.510489510489510134e-02 2.993006993006993022e-01
9.370629370629370014e-02 3.020979020979021046e-01
9.230769230769231282e-02 3.048951048951049070e-01
9.090909090909091161e-02 3.076923076923077094e-01
8.811188811188810921e-02 3.090909090909090828e-01
8.811188811188810921e-02 3.104895104895105118e-01
8.671328671328670801e-02 3.118881118881118852e-01
8.391608391608391948e-02 3.146853146853146876e-01
8.251748251748251828e-02 3.174825174825174900e-01
7.972027972027971587e-02 3.188811188811188635e-01
7.832167832167832855e-02 3.216783216783216659e-01
7.692307692307692735e-02 3.230769230769230949e-01
7.552447552447552614e-02 3.244755244755244683e-01
7.412587412587412494e-02 3.258741258741258973e-01
7.272727272727272374e-02 3.272727272727272707e-01
7.272727272727272374e-02 3.272727272727272707e-01
6.993006993006993521e-02 3.286713286713286442e-01
6.853146853146853401e-02 3.300699300699300731e-01
6.573426573426573161e-02 3.314685314685314466e-01
6.573426573426573161e-02 3.314685314685314466e-01
6.433566433566433040e-02 3.328671328671328755e-01
6.153846153846154188e-02 3.328671328671328755e-01
5.594405594405594401e-02 3.356643356643356779e-01
5.174825174825174734e-02 3.356643356643356779e-01
4.895104895104895187e-02 3.370629370629370514e-01
4.615384615384615641e-02 3.370629370629370514e-01
4.335664335664335400e-02 3.370629370629370514e-01
4.195804195804195974e-02 3.370629370629370514e-01
3.916083916083916427e-02 3.370629370629370514e-01
3.636363636363636187e-02 3.370629370629370514e-01
3.356643356643356640e-02 3.370629370629370514e-01
3.076923076923077094e-02 3.356643356643356779e-01
2.797202797202797200e-02 3.342657342657342490e-01
2.657342657342657427e-02 3.314685314685314466e-01
2.377622377622377534e-02 3.300699300699300731e-01
2.237762237762237760e-02 3.286713286713286442e-01
2.097902097902097987e-02 3.272727272727272707e-01
1.958041958041958214e-02 3.258741258741258973e-01
1.678321678321678320e-02 3.230769230769230949e-01
1.678321678321678320e-02 3.216783216783216659e-01
1.538461538461538547e-02 3.202797202797202925e-01
1.398601398601398600e-02 3.174825174825174900e-01
1.258741258741258827e-02 3.146853146853146876e-01
1.258741258741258827e-02 3.104895104895105118e-01
1.118881118881118880e-02 3.062937062937062804e-01
9.790209790209791069e-03 3.020979020979021046e-01
9.790209790209791069e-03 3.006993006993006756e-01
8.391608391608391601e-03 2.979020979020979287e-01
6.993006993006993001e-03 2.923076923076923239e-01
5.594405594405594401e-03 2.867132867132867191e-01
5.594405594405594401e-03 2.839160839160839167e-01
5.594405594405594401e-03 2.811188811188811143e-01
4.195804195804195801e-03 2.755244755244755095e-01
2.797202797202797200e-03 2.699300699300699047e-01
1.398601398601398600e-03 2.629370629370629264e-01
1.398601398601398600e-03 2.573426573426573216e-01
0.000000000000000000e+00 2.517482517482517723e-01
0.000000000000000000e+00 2.461538461538461675e-01
0.000000000000000000e+00 2.405594405594405627e-01
1.398601398601398600e-03 2.349650349650349579e-01
1.398601398601398600e-03 2.293706293706293808e-01
2.797202797202797200e-03 2.237762237762237760e-01
2.797202797202797200e-03 2.195804195804195724e-01
4.195804195804195801e-03 2.153846153846153966e-01
5.594405594405594401e-03 2.111888111888111930e-01
6.993006993006993001e-03 2.083916083916083906e-01
8.391608391608391601e-03 2.041958041958041870e-01
9.790209790209791069e-03 2.013986013986014123e-01
1.258741258741258827e-02 1.986013986013986099e-01
1.398601398601398600e-02 1.972027972027972087e-01
1.678321678321678320e-02 1.958041958041958075e-01
1.678321678321678320e-02 1.958041958041958075e-01
1.958041958041958214e-02 1.944055944055944063e-01
2.097902097902097987e-02 1.930069930069930051e-01
2.517482517482517654e-02 1.916083916083916039e-01
2.797202797202797200e-02 1.902097902097902027e-01
3.076923076923077094e-02 1.888111888111888015e-01
3.356643356643356640e-02 1.888111888111888015e-01
3.496503496503496761e-02 1.874125874125874003e-01
3.636363636363636187e-02 1.874125874125874003e-01
3.916083916083916427e-02 1.874125874125874003e-01
4.195804195804195974e-02 1.874125874125874003e-01
4.335664335664335400e-02 1.874125874125874003e-01
4.475524475524475521e-02 1.874125874125874003e-01
4.755244755244755067e-02 1.874125874125874003e-01
4.895104895104895187e-02 1.874125874125874003e-01
5.174825174825174734e-02 1.874125874125874003e-01
5.454545454545454281e-02 1.874125874125874003e-01
5.734265734265734521e-02 1.888111888111888015e-01
6.013986013986014068e-02 1.888111888111888015e-01
6.153846153846154188e-02 1.902097902097902027e-01
6.293706293706294308e-02 1.902097902097902027e-01
6.433566433566433040e-02 1.916083916083916039e-01
6.573426573426573161e-02 1.930069930069930051e-01
6.713286713286713281e-02 1.944055944055944063e-01
6.993006993006993521e-02 1.958041958041958075e-01
7.272727272727272374e-02 1.986013986013986099e-01
7.412587412587412494e-02 2.000000000000000111e-01
7.412587412587412494e-02 2.013986013986014123e-01
7.552447552447552614e-02 2.027972027972027858e-01
7.692307692307692735e-02 2.041958041958041870e-01
7.972027972027971587e-02 2.083916083916083906e-01
8.251748251748251828e-02 2.111888111888111930e-01
8.531468531468532068e-02 2.153846153846153966e-01
8.671328671328670801e-02 2.209790209790209736e-01
9.090909090909091161e-02 2.251748251748251772e-01
9.370629370629370014e-02 2.307692307692307820e-01
9.510489510489510134e-02 2.363636363636363591e-01
9.790209790209790375e-02 2.405594405594405627e-01
1.006993006993007062e-01 2.461538461538461675e-01
1.020979020979020935e-01 2.517482517482517723e-01
1.048951048951048959e-01 2.573426573426573216e-01
1.062937062937062971e-01 2.629370629370629264e-01
1.090909090909090856e-01 2.699300699300699047e-01
1.104895104895104868e-01 2.727272727272727071e-01
1.104895104895104868e-01 2.769230769230769384e-01
1.132867132867132892e-01 2.839160839160839167e-01
1.146853146853146904e-01 2.909090909090908950e-01
1.160839160839160777e-01 2.993006993006993022e-01
1.174825174825174789e-01 3.076923076923077094e-01
1.174825174825174789e-01 3.104895104895105118e-01
1.174825174825174789e-01 3.146853146853146876e-01
1.188811188811188801e-01 3.230769230769230949e-01
1.188811188811188801e-01 3.314685314685314466e-01
1.188811188811188801e-01 3.342657342657342490e-01
1.188811188811188801e-01 3.384615384615384803e-01
1.188811188811188801e-01 3.454545454545454586e-01
1.188811188811188801e-01 3.524475524475524368e-01
1.188811188811188801e-01 3.594405594405594151e-01
1.188811188811188801e-01 3.678321678321678223e-01
1.188811188811188801e-01 3.748251748251748006e-01
1.188811188811188801e-01 3.832167832167832078e-01
1.188811188811188801e-01 3.916083916083916150e-01
1.188811188811188801e-01 4.000000000000000222e-01
1.174825174825174789e-01 4.083916083916083739e-01
1.174825174825174789e-01 4.125874125874126053e-01
1.174825174825174789e-01 4.181818181818181546e-01
1.174825174825174789e-01 4.265734265734265618e-01
1.174825174825174789e-01 4.349650349650349690e-01
1.160839160839160777e-01 4.447552447552447497e-01
1.146853146853146904e-01 4.517482517482517279e-01
1.146853146853146904e-01 4.601398601398601351e-01
1.146853146853146904e-01 4.657342657342657399e-01
1.132867132867132892e-01 4.727272727272727182e-01
1.132867132867132892e-01 4.783216783216783230e-01
1.132867132867132892e-01 4.825174825174824988e-01
1.118881118881118880e-01 4.853146853146853013e-01
1.118881118881118880e-01 4.881118881118881037e-01
1.118881118881118880e-01 4.895104895104895326e-01
1.104895104895104868e-01 4.923076923076923350e-01
1.104895104895104868e-01 4.937062937062937085e-01
1.104895104895104868e-01 4.951048951048950819e-01
1.090909090909090856e-01 4.979020979020978843e-01
1.076923076923076983e-01 4.993006993006993133e-01
1.076923076923076983e-01 4.993006993006993133e-01
1.076923076923076983e-01 5.006993006993006867e-01
1.076923076923076983e-01 5.020979020979020602e-01
1.062937062937062971e-01 5.006993006993006867e-01
1.062937062937062971e-01 5.006993006993006867e-01
1.062937062937062971e-01 4.979020979020978843e-01
1.062937062937062971e-01 4.965034965034965109e-01
1.062937062937062971e-01 4.937062937062937085e-01
1.062937062937062971e-01 4.923076923076923350e-01
1.062937062937062971e-01 4.909090909090909061e-01
1.062937062937062971e-01 4.881118881118881037e-01
1.062937062937062971e-01 4.839160839160839278e-01
1.062937062937062971e-01 4.811188811188811254e-01
1.062937062937062971e-01 4.797202797202796964e-01
1.062937062937062971e-01 4.741258741258741471e-01
1.062937062937062971e-01 4.685314685314685423e-01
1.062937062937062971e-01 4.629370629370629375e-01
1.062937062937062971e-01 4.559440559440559593e-01
1.062937062937062971e-01 4.503496503496503545e-01
1.062937062937062971e-01 4.433566433566433762e-01
1.062937062937062971e-01 4.363636363636363424e-01
1.062937062937062971e-01 4.293706293706293642e-01
1.062937062937062971e-01 4.223776223776223859e-01
1.062937062937062971e-01 4.139860139860139787e-01
1.048951048951048959e-01 4.111888111888111763e-01
1.048951048951048959e-01 4.069930069930070005e-01
1.062937062937062971e-01 4.013986013986013957e-01
1.048951048951048959e-01 3.944055944055944174e-01
1.048951048951048959e-01 3.916083916083916150e-01
1.048951048951048959e-01 3.874125874125874391e-01
1.048951048951048959e-01 3.818181818181818343e-01
1.048951048951048959e-01 3.748251748251748006e-01
1.048951048951048959e-01 3.692307692307692513e-01
1.048951048951048959e-01 3.636363636363636465e-01
1.048951048951048959e-01 3.580419580419580416e-01
1.034965034965034947e-01 3.524475524475524368e-01
1.034965034965034947e-01 3.468531468531468320e-01
1.034965034965034947e-01 3.440559440559440296e-01
1.034965034965034947e-01 3.412587412587412827e-01
1.034965034965034947e-01 3.356643356643356779e-01
1.034965034965034947e-01 3.314685314685314466e-01
1.020979020979020935e-01 3.286713286713286442e-01
1.020979020979020935e-01 3.230769230769230949e-01
1.020979020979020935e-01 3.160839160839160611e-01
1.006993006993007062e-01 3.104895104895105118e-01
1.006993006993007062e-01 3.034965034965034780e-01
1.006993006993007062e-01 3.006993006993006756e-01
9.930069930069930495e-02 2.965034965034964998e-01
9.930069930069930495e-02 2.895104895104895215e-01
9.930069930069930495e-02 2.839160839160839167e-01
9.790209790209790375e-02 2.769230769230769384e-01
9.790209790209790375e-02 2.629370629370629264e-01
9.790209790209790375e-02 2.559440559440559482e-01
9.790209790209790375e-02 2.489510489510489422e-01
9.790209790209790375e-02 2.419580419580419639e-01
9.790209790209790375e-02 2.363636363636363591e-01
9.790209790209790375e-02 2.293706293706293808e-01
9.790209790209790375e-02 2.237762237762237760e-01
9.930069930069930495e-02 2.181818181818181712e-01
1.006993006993007062e-01 2.125874125874125942e-01
1.020979020979020935e-01 2.083916083916083906e-01
1.034965034965034947e-01 2.041958041958041870e-01
1.062937062937062971e-01 2.000000000000000111e-01
1.062937062937062971e-01 1.986013986013986099e-01
1.076923076923076983e-01 1.972027972027972087e-01
1.104895104895104868e-01 1.958041958041958075e-01
1.118881118881118880e-01 1.944055944055944063e-01
1.132867132867132892e-01 1.930069930069930051e-01
1.146853146853146904e-01 1.930069930069930051e-01
1.160839160839160777e-01 1.930069930069930051e-01
1.188811188811188801e-01 1.930069930069930051e-01
1.202797202797202814e-01 1.930069930069930051e-01
1.216783216783216826e-01 1.930069930069930051e-01
1.230769230769230838e-01 1.944055944055944063e-01
1.258741258741258862e-01 1.958041958041958075e-01
1.286713286713286608e-01 1.986013986013986099e-01
1.314685314685314632e-01 2.027972027972027858e-01
1.342657342657342656e-01 2.069930069930069894e-01
1.356643356643356668e-01 2.097902097902097918e-01
1.370629370629370680e-01 2.125874125874125942e-01
1.398601398601398704e-01 2.181818181818181712e-01
1.426573426573426451e-01 2.237762237762237760e-01
1.454545454545454475e-01 2.293706293706293808e-01
1.482517482517482499e-01 2.363636363636363591e-01
1.524475524475524535e-01 2.433566433566433651e-01
1.552447552447552559e-01 2.503496503496503434e-01
1.566433566433566571e-01 2.531468531468531458e-01
1.580419580419580305e-01 2.573426573426573216e-01
1.608391608391608329e-01 2.643356643356643554e-01
1.636363636363636354e-01 2.727272727272727071e-01
1.664335664335664378e-01 2.797202797202797409e-01
1.678321678321678390e-01 2.867132867132867191e-01
1.692307692307692402e-01 2.909090909090908950e-01
1.706293706293706414e-01 2.951048951048951263e-01
1.720279720279720148e-01 3.020979020979021046e-01
1.720279720279720148e-01 3.090909090909090828e-01
1.734265734265734160e-01 3.160839160839160611e-01
1.734265734265734160e-01 3.230769230769230949e-01
1.734265734265734160e-01 3.286713286713286442e-01
1.720279720279720148e-01 3.342657342657342490e-01
1.706293706293706414e-01 3.384615384615384803e-01
1.692307692307692402e-01 3.412587412587412827e-01
1.678321678321678390e-01 3.426573426573426562e-01
1.664335664335664378e-01 3.426573426573426562e-01
1.650349650349650366e-01 3.440559440559440296e-01
1.636363636363636354e-01 3.440559440559440296e-01
1.622377622377622342e-01 3.440559440559440296e-01
1.608391608391608329e-01 3.426573426573426562e-01
1.608391608391608329e-01 3.412587412587412827e-01
1.594405594405594317e-01 3.398601398601398538e-01
1.580419580419580305e-01 3.370629370629370514e-01
1.580419580419580305e-01 3.328671328671328755e-01
1.580419580419580305e-01 3.300699300699300731e-01
1.594405594405594317e-01 3.258741258741258973e-01
1.594405594405594317e-01 3.230769230769230949e-01
1.608391608391608329e-01 3.188811188811188635e-01
1.636363636363636354e-01 3.146853146853146876e-01
1.650349650349650366e-01 3.104895104895105118e-01
1.692307692307692402e-01 3.048951048951049070e-01
1.720279720279720148e-01 3.020979020979021046e-01
1.762237762237762184e-01 3.006993006993006756e-01
1.790209790209790208e-01 2.993006993006993022e-01
1.818181818181818232e-01 2.993006993006993022e-01
1.860139860139860268e-01 2.993006993006993022e-01
1.874125874125874003e-01 2.993006993006993022e-01
1.902097902097902027e-01 2.993006993006993022e-01
1.930069930069930051e-01 3.020979020979021046e-01
1.972027972027972087e-01 3.034965034965034780e-01
1.986013986013986099e-01 3.048951048951049070e-01
2.000000000000000111e-01 3.062937062937062804e-01
2.041958041958041870e-01 3.090909090909090828e-01
2.083916083916083906e-01 3.118881118881118852e-01
2.139860139860139954e-01 3.202797202797202925e-01
2.167832167832167700e-01 3.244755244755244683e-01
2.195804195804195724e-01 3.300699300699300731e-01
2.209790209790209736e-01 3.342657342657342490e-01
2.223776223776223748e-01 3.370629370629370514e-01
2.223776223776223748e-01 3.398601398601398538e-01
2.237762237762237760e-01 3.426573426573426562e-01
2.223776223776223748e-01 3.440559440559440296e-01
2.223776223776223748e-01 3.454545454545454586e-01
2.223776223776223748e-01 3.468531468531468320e-01
2.209790209790209736e-01 3.482517482517482610e-01
2.209790209790209736e-01 3.482517482517482610e-01
2.195804195804195724e-01 3.496503496503496344e-01
2.181818181818181712e-01 3.496503496503496344e-01
2.167832167832167700e-01 3.496503496503496344e-01
2.153846153846153966e-01 3.510489510489510634e-01
2.139860139860139954e-01 3.510489510489510634e-01
2.111888111888111930e-01 3.510489510489510634e-01
2.097902097902097918e-01 3.510489510489510634e-01
2.055944055944055882e-01 3.496503496503496344e-01
2.027972027972027858e-01 3.496503496503496344e-01
2.013986013986014123e-01 3.482517482517482610e-01
2.000000000000000111e-01 3.468531468531468320e-01
1.986013986013986099e-01 3.454545454545454586e-01
1.972027972027972087e-01 3.440559440559440296e-01
1.958041958041958075e-01 3.426573426573426562e-01
1.958041958041958075e-01 3.398601398601398538e-01
1.944055944055944063e-01 3.370629370629370514e-01
1.930069930069930051e-01 3.342657342657342490e-01
1.916083916083916039e-01 3.314685314685314466e-01
1.902097902097902027e-01 3.272727272727272707e-01
1.888111888111888015e-01 3.244755244755244683e-01
1.888111888111888015e-01 3.216783216783216659e-01
1.874125874125874003e-01 3.202797202797202925e-01
1.874125874125874003e-01 3.174825174825174900e-01
1.860139860139860268e-01 3.146853146853146876e-01
1.860139860139860268e-01 3.118881118881118852e-01
1.846153846153846256e-01 3.090909090909090828e-01
1.846153846153846256e-01 3.062937062937062804e-01
1.818181818181818232e-01 3.006993006993006756e-01
1.804195804195804220e-01 2.951048951048951263e-01
1.790209790209790208e-01 2.909090909090908950e-01
1.776223776223776196e-01 2.881118881118880926e-01
1.762237762237762184e-01 2.839160839160839167e-01
1.762237762237762184e-01 2.811188811188811143e-01
1.748251748251748172e-01 2.783216783216783119e-01
1.748251748251748172e-01 2.741258741258741360e-01
1.734265734265734160e-01 2.713286713286713336e-01
1.734265734265734160e-01 2.671328671328671578e-01
1.720279720279720148e-01 2.615384615384615530e-01
1.720279720279720148e-01 2.559440559440559482e-01
1.720279720279720148e-01 2.503496503496503434e-01
1.720279720279720148e-01 2.433566433566433651e-01
1.720279720279720148e-01 2.377622377622377603e-01
1.734265734265734160e-01 2.321678321678321555e-01
1.748251748251748172e-01 2.279720279720279796e-01
1.776223776223776196e-01 2.223776223776223748e-01
1.790209790209790208e-01 2.209790209790209736e-01
1.790209790209790208e-01 2.181818181818181712e-01
1.818181818181818232e-01 2.139860139860139954e-01
1.860139860139860268e-01 2.097902097902097918e-01
1.888111888111888015e-01 2.069930069930069894e-01
1.916083916083916039e-01 2.027972027972027858e-01
1.944055944055944063e-01 2.013986013986014123e-01
1.958041958041958075e-01 2.000000000000000111e-01
2.000000000000000111e-01 1.986013986013986099e-01
2.041958041958041870e-01 1.958041958041958075e-01
2.083916083916083906e-01 1.944055944055944063e-01
2.139860139860139954e-01 1.944055944055944063e-01
2.209790209790209736e-01 1.944055944055944063e-01
2.237762237762237760e-01 1.944055944055944063e-01
2.279720279720279796e-01 1.958041958041958075e-01
2.335664335664335567e-01 1.972027972027972087e-01
2.391608391608391615e-01 2.000000000000000111e-01
2.461538461538461675e-01 2.041958041958041870e-01
2.517482517482517723e-01 2.083916083916083906e-01
2.573426573426573216e-01 2.125874125874125942e-01
2.643356643356643554e-01 2.181818181818181712e-01
2.699300699300699047e-01 2.223776223776223748e-01
2.755244755244755095e-01 2.279720279720279796e-01
2.797202797202797409e-01 2.349650349650349579e-01
2.853146853146852902e-01 2.405594405594405627e-01
2.895104895104895215e-01 2.475524475524475410e-01
2.937062937062936974e-01 2.531468531468531458e-01
2.951048951048951263e-01 2.559440559440559482e-01
2.979020979020979287e-01 2.587412587412587506e-01
3.006993006993006756e-01 2.657342657342657288e-01
3.048951048951049070e-01 2.713286713286713336e-01
3.076923076923077094e-01 2.769230769230769384e-01
3.090909090909090828e-01 2.825174825174825433e-01
3.118881118881118852e-01 2.881118881118880926e-01
3.132867132867133142e-01 2.937062937062936974e-01
3.132867132867133142e-01 2.993006993006993022e-01
3.146853146853146876e-01 3.020979020979021046e-01
3.146853146853146876e-01 3.048951048951049070e-01
3.146853146853146876e-01 3.104895104895105118e-01
3.132867132867133142e-01 3.160839160839160611e-01
3.132867132867133142e-01 3.188811188811188635e-01
3.118881118881118852e-01 3.216783216783216659e-01
3.104895104895105118e-01 3.258741258741258973e-01
3.076923076923077094e-01 3.300699300699300731e-01
3.034965034965034780e-01 3.328671328671328755e-01
2.993006993006993022e-01 3.356643356643356779e-01
2.951048951048951263e-01 3.370629370629370514e-01
2.923076923076923239e-01 3.384615384615384803e-01
2.895104895104895215e-01 3.384615384615384803e-01
2.853146853146852902e-01 3.398601398601398538e-01
2.825174825174825433e-01 3.384615384615384803e-01
2.797202797202797409e-01 3.384615384615384803e-01
2.769230769230769384e-01 3.384615384615384803e-01
2.727272727272727071e-01 3.370629370629370514e-01
2.671328671328671578e-01 3.356643356643356779e-01
2.643356643356643554e-01 3.342657342657342490e-01
2.615384615384615530e-01 3.314685314685314466e-01
2.559440559440559482e-01 3.286713286713286442e-01
2.503496503496503434e-01 3.230769230769230949e-01
2.447552447552447663e-01 3.188811188811188635e-01
2.391608391608391615e-01 3.118881118881118852e-01
2.335664335664335567e-01 3.048951048951049070e-01
2.293706293706293808e-01 2.951048951048951263e-01
2.265734265734265784e-01 2.867132867132867191e-01
2.237762237762237760e-01 2.769230769230769384e-01
2.209790209790209736e-01 2.657342657342657288e-01
2.195804195804195724e-01 2.559440559440559482e-01
2.195804195804195724e-01 2.461538461538461675e-01
2.195804195804195724e-01 2.363636363636363591e-01
2.209790209790209736e-01 2.321678321678321555e-01
2.209790209790209736e-01 2.279720279720279796e-01
2.237762237762237760e-01 2.195804195804195724e-01
2.279720279720279796e-01 2.125874125874125942e-01
2.321678321678321555e-01 2.055944055944055882e-01
2.363636363636363591e-01 2.027972027972027858e-01
2.391608391608391615e-01 2.000000000000000111e-01
2.447552447552447663e-01 1.958041958041958075e-01
2.503496503496503434e-01 1.930069930069930051e-01
2.559440559440559482e-01 1.902097902097902027e-01
2.601398601398601240e-01 1.888111888111888015e-01
2.657342657342657288e-01 1.874125874125874003e-01
2.727272727272727071e-01 1.860139860139860268e-01
2.783216783216783119e-01 1.874125874125874003e-01
2.853146853146852902e-01 1.888111888111888015e-01
2.909090909090908950e-01 1.930069930069930051e-01
2.979020979020979287e-01 1.972027972027972087e-01
3.048951048951049070e-01 2.027972027972027858e-01
3.076923076923077094e-01 2.069930069930069894e-01
3.104895104895105118e-01 2.097902097902097918e-01
3.160839160839160611e-01 2.167832167832167700e-01
3.202797202797202925e-01 2.237762237762237760e-01
3.244755244755244683e-01 2.321678321678321555e-01
3.272727272727272707e-01 2.377622377622377603e-01
3.286713286713286442e-01 2.447552447552447663e-01
3.300699300699300731e-01 2.503496503496503434e-01
3.300699300699300731e-01 2.531468531468531458e-01
3.300699300699300731e-01 2.559440559440559482e-01
3.300699300699300731e-01 2.601398601398601240e-01
3.286713286713286442e-01 2.629370629370629264e-01
3.286713286713286442e-01 2.657342657342657288e-01
3.272727272727272707e-01 2.685314685314685312e-01
3.272727272727272707e-01 2.699300699300699047e-01
3.244755244755244683e-01 2.741258741258741360e-01
3.216783216783216659e-01 2.769230769230769384e-01
3.188811188811188635e-01 2.783216783216783119e-01
3.146853146853146876e-01 2.797202797202797409e-01
3.118881118881118852e-01 2.783216783216783119e-01
3.104895104895105118e-01 2.783216783216783119e-01
3.090909090909090828e-01 2.783216783216783119e-01
3.048951048951049070e-01 2.769230769230769384e-01
3.034965034965034780e-01 2.755244755244755095e-01
3.006993006993006756e-01 2.727272727272727071e-01
2.993006993006993022e-01 2.699300699300699047e-01
2.993006993006993022e-01 2.685314685314685312e-01
2.993006993006993022e-01 2.671328671328671578e-01
2.993006993006993022e-01 2.643356643356643554e-01
3.006993006993006756e-01 2.643356643356643554e-01
3.006993006993006756e-01 2.629370629370629264e-01
3.020979020979021046e-01 2.601398601398601240e-01
3.034965034965034780e-01 2.601398601398601240e-01
3.048951048951049070e-01 2.587412587412587506e-01
3.076923076923077094e-01 2.573426573426573216e-01
3.118881118881118852e-01 2.573426573426573216e-01
3.160839160839160611e-01 2.573426573426573216e-01
3.174825174825174900e-01 2.573426573426573216e-01
3.202797202797202925e-01 2.573426573426573216e-01
3.244755244755244683e-01 2.587412587412587506e-01
3.286713286713286442e-01 2.601398601398601240e-01
3.328671328671328755e-01 2.615384615384615530e-01
3.356643356643356779e-01 2.629370629370629264e-01
3.384615384615384803e-01 2.657342657342657288e-01
3.440559440559440296e-01 2.699300699300699047e-01
3.454545454545454586e-01 2.713286713286713336e-01
3.468531468531468320e-01 2.727272727272727071e-01
3.468531468531468320e-01 2.741258741258741360e-01
3.482517482517482610e-01 2.755244755244755095e-01
3.496503496503496344e-01 2.769230769230769384e-01
3.510489510489510634e-01 2.797202797202797409e-01
3.510489510489510634e-01 2.825174825174825433e-01
3.524475524475524368e-01 2.853146853146852902e-01
3.524475524475524368e-01 2.867132867132867191e-01
3.538461538461538658e-01 2.881118881118880926e-01
3.538461538461538658e-01 2.909090909090908950e-01
3.552447552447552392e-01 2.937062937062936974e-01
3.566433566433566682e-01 2.979020979020979287e-01
3.566433566433566682e-01 3.020979020979021046e-01
3.566433566433566682e-01 3.048951048951049070e-01
3.566433566433566682e-01 3.062937062937062804e-01
3.566433566433566682e-01 3.090909090909090828e-01
3.566433566433566682e-01 3.118881118881118852e-01
3.566433566433566682e-01 3.132867132867133142e-01
3.566433566433566682e-01 3.146853146853146876e-01
3.566433566433566682e-01 3.160839160839160611e-01
3.566433566433566682e-01 3.174825174825174900e-01
3.566433566433566682e-01 3.188811188811188635e-01
3.566433566433566682e-01 3.202797202797202925e-01
3.594405594405594151e-01 3.216783216783216659e-01
3.594405594405594151e-01 3.216783216783216659e-01
3.608391608391608441e-01 3.230769230769230949e-01
3.622377622377622175e-01 3.230769230769230949e-01
3.636363636363636465e-01 3.244755244755244683e-01
3.650349650349650199e-01 3.258741258741258973e-01
3.664335664335664489e-01 3.258741258741258973e-01
3.678321678321678223e-01 3.272727272727272707e-01
3.706293706293706247e-01 3.286713286713286442e-01
3.734265734265734271e-01 3.300699300699300731e-01
3.748251748251748006e-01 3.328671328671328755e-01
3.776223776223776030e-01 3.356643356643356779e-01
3.804195804195804054e-01 3.384615384615384803e-01
3.832167832167832078e-01 3.412587412587412827e-01
3.846153846153846367e-01 3.440559440559440296e-01
3.874125874125874391e-01 3.454545454545454586e-01
3.902097902097901860e-01 3.482517482517482610e-01
3.916083916083916150e-01 3.510489510489510634e-01
3.930069930069929884e-01 3.538461538461538658e-01
3.944055944055944174e-01 3.552447552447552392e-01
3.958041958041957908e-01 3.580419580419580416e-01
3.972027972027972198e-01 3.594405594405594151e-01
3.972027972027972198e-01 3.608391608391608441e-01
3.972027972027972198e-01 3.608391608391608441e-01
3.958041958041957908e-01 3.608391608391608441e-01
3.958041958041957908e-01 3.608391608391608441e-01
3.944055944055944174e-01 3.608391608391608441e-01
3.930069930069929884e-01 3.594405594405594151e-01
3.916083916083916150e-01 3.580419580419580416e-01
3.902097902097901860e-01 3.566433566433566682e-01
3.888111888111888126e-01 3.566433566433566682e-01
3.888111888111888126e-01 3.552447552447552392e-01
3.874125874125874391e-01 3.538461538461538658e-01
3.860139860139860102e-01 3.510489510489510634e-01
3.860139860139860102e-01 3.482517482517482610e-01
3.846153846153846367e-01 3.454545454545454586e-01
3.846153846153846367e-01 3.426573426573426562e-01
3.846153846153846367e-01 3.384615384615384803e-01
3.846153846153846367e-01 3.342657342657342490e-01
3.860139860139860102e-01 3.314685314685314466e-01
3.860139860139860102e-01 3.286713286713286442e-01
3.860139860139860102e-01 3.258741258741258973e-01
3.874125874125874391e-01 3.216783216783216659e-01
3.888111888111888126e-01 3.160839160839160611e-01
3.902097902097901860e-01 3.104895104895105118e-01
3.930069930069929884e-01 3.048951048951049070e-01
3.944055944055944174e-01 2.979020979020979287e-01
3.958041958041957908e-01 2.923076923076923239e-01
3.986013986013985932e-01 2.867132867132867191e-01
4.013986013986013957e-01 2.797202797202797409e-01
4.041958041958041981e-01 2.741258741258741360e-01
4.055944055944055715e-01 2.699300699300699047e-01
4.069930069930070005e-01 2.671328671328671578e-01
4.097902097902098029e-01 2.601398601398601240e-01
4.111888111888111763e-01 2.531468531468531458e-01
4.139860139860139787e-01 2.461538461538461675e-01
4.167832167832167811e-01 2.405594405594405627e-01
4.181818181818181546e-01 2.321678321678321555e-01
4.209790209790209570e-01 2.251748251748251772e-01
4.237762237762237594e-01 2.181818181818181712e-01
4.251748251748251883e-01 2.097902097902097918e-01
4.265734265734265618e-01 2.013986013986014123e-01
4.265734265734265618e-01 1.930069930069930051e-01
4.265734265734265618e-01 1.846153846153846256e-01
4.265734265734265618e-01 1.790209790209790208e-01
4.251748251748251883e-01 1.748251748251748172e-01
4.237762237762237594e-01 1.664335664335664378e-01
4.223776223776223859e-01 1.566433566433566571e-01
4.195804195804195835e-01 1.468531468531468487e-01
4.153846153846154077e-01 1.384615384615384692e-01
4.125874125874126053e-01 1.286713286713286608e-01
4.083916083916083739e-01 1.188811188811188801e-01
4.041958041958041981e-01 1.090909090909090856e-01
3.986013986013985932e-01 1.006993006993007062e-01
3.930069930069929884e-01 9.090909090909091161e-02
3.860139860139860102e-01 8.111888111888111708e-02
3.790209790209790319e-01 7.272727272727272374e-02
3.720279720279720537e-01 6.153846153846154188e-02
3.650349650349650199e-01 5.314685314685314854e-02
3.594405594405594151e-01 4.895104895104895187e-02
3.566433566433566682e-01 4.475524475524475521e-02
3.496503496503496344e-01 3.636363636363636187e-02
3.412587412587412827e-01 2.797202797202797200e-02
3.370629370629370514e-01 2.377622377622377534e-02
3.328671328671328755e-01 2.097902097902097987e-02
3.258741258741258973e-01 1.538461538461538547e-02
3.188811188811188635e-01 1.118881118881118880e-02
3.146853146853146876e-01 8.391608391608391601e-03
3.104895104895105118e-01 6.993006993006993001e-03
3.034965034965034780e-01 4.195804195804195801e-03
2.951048951048951263e-01 1.398601398601398600e-03
2.881118881118880926e-01 0.000000000000000000e+00
2.853146853146852902e-01 0.000000000000000000e+00
2.811188811188811143e-01 0.000000000000000000e+00
2.741258741258741360e-01 1.398601398601398600e-03
2.671328671328671578e-01 2.797202797202797200e-03
2.615384615384615530e-01 5.594405594405594401e-03
2.573426573426573216e-01 9.790209790209791069e-03
2.531468531468531458e-01 1.398601398601398600e-02
2.503496503496503434e-01 1.958041958041958214e-02
2.461538461538461675e-01 2.517482517482517654e-02
2.447552447552447663e-01 3.216783216783216520e-02
2.433566433566433651e-01 3.636363636363636187e-02
2.419580419580419639e-01 4.055944055944055854e-02
2.405594405594405627e-01 4.755244755244755067e-02
2.391608391608391615e-01 5.594405594405594401e-02
2.377622377622377603e-01 5.874125874125873947e-02
2.377622377622377603e-01 6.293706293706294308e-02
2.363636363636363591e-01 7.132867132867132254e-02
2.363636363636363591e-01 7.832167832167832855e-02
2.377622377622377603e-01 8.671328671328670801e-02
2.377622377622377603e-01 9.510489510489510134e-02
2.405594405594405627e-01 1.020979020979020935e-01
2.419580419580419639e-01 1.090909090909090856e-01
2.433566433566433651e-01 1.118881118881118880e-01
2.447552447552447663e-01 1.160839160839160777e-01
2.475524475524475410e-01 1.230769230769230838e-01
2.489510489510489422e-01 1.286713286713286608e-01
2.503496503496503434e-01 1.314685314685314632e-01
2.531468531468531458e-01 1.342657342657342656e-01
2.545454545454545192e-01 1.384615384615384692e-01
2.573426573426573216e-01 1.440559440559440463e-01
2.601398601398601240e-01 1.482517482517482499e-01
2.629370629370629264e-01 1.510489510489510523e-01
2.657342657342657288e-01 1.552447552447552559e-01
2.685314685314685312e-01 1.566433566433566571e-01
2.699300699300699047e-01 1.566433566433566571e-01
2.727272727272727071e-01 1.594405594405594317e-01
2.769230769230769384e-01 1.608391608391608329e-01
2.811188811188811143e-01 1.622377622377622342e-01
2.853146853146852902e-01 1.650349650349650366e-01
2.895104895104895215e-01 1.664335664335664378e-01
2.951048951048951263e-01 1.664335664335664378e-01
2.993006993006993022e-01 1.678321678321678390e-01
3.034965034965034780e-01 1.678321678321678390e-01
3.076923076923077094e-01 1.678321678321678390e-01
3.118881118881118852e-01 1.678321678321678390e-01
3.146853146853146876e-01 1.678321678321678390e-01
3.188811188811188635e-01 1.664335664335664378e-01
3.230769230769230949e-01 1.650349650349650366e-01
3.272727272727272707e-01 1.650349650349650366e-01
3.314685314685314466e-01 1.636363636363636354e-01
3.342657342657342490e-01 1.636363636363636354e-01
3.370629370629370514e-01 1.622377622377622342e-01
3.412587412587412827e-01 1.622377622377622342e-01
3.468531468531468320e-01 1.608391608391608329e-01
3.510489510489510634e-01 1.594405594405594317e-01
3.552447552447552392e-01 1.594405594405594317e-01
3.608391608391608441e-01 1.580419580419580305e-01
3.664335664335664489e-01 1.580419580419580305e-01
3.692307692307692513e-01 1.580419580419580305e-01
3.720279720279720537e-01 1.580419580419580305e-01
3.776223776223776030e-01 1.566433566433566571e-01
3.790209790209790319e-01 1.566433566433566571e-01
3.818181818181818343e-01 1.566433566433566571e-01
3.860139860139860102e-01 1.552447552447552559e-01
3.916083916083916150e-01 1.552447552447552559e-01
3.958041958041957908e-01 1.538461538461538547e-01
4.000000000000000222e-01 1.538461538461538547e-01
4.041958041958041981e-01 1.538461538461538547e-01
4.083916083916083739e-01 1.538461538461538547e-01
4.111888111888111763e-01 1.538461538461538547e-01
4.125874125874126053e-01 1.538461538461538547e-01
4.167832167832167811e-01 1.552447552447552559e-01
4.195804195804195835e-01 1.552447552447552559e-01
4.223776223776223859e-01 1.552447552447552559e-01
4.265734265734265618e-01 1.566433566433566571e-01
4.307692307692307931e-01 1.580419580419580305e-01
4.349650349650349690e-01 1.608391608391608329e-01
4.391608391608391448e-01 1.622377622377622342e-01
4.433566433566433762e-01 1.650349650349650366e-01
4.475524475524475521e-01 1.678321678321678390e-01
4.517482517482517279e-01 1.706293706293706414e-01
4.559440559440559593e-01 1.734265734265734160e-01
4.601398601398601351e-01 1.776223776223776196e-01
4.629370629370629375e-01 1.818181818181818232e-01
4.671328671328671134e-01 1.860139860139860268e-01
4.727272727272727182e-01 1.944055944055944063e-01
4.769230769230769496e-01 2.000000000000000111e-01
4.797202797202796964e-01 2.055944055944055882e-01
4.825174825174824988e-01 2.125874125874125942e-01
4.853146853146853013e-01 2.181818181818181712e-01
4.867132867132867302e-01 2.237762237762237760e-01
4.895104895104895326e-01 2.321678321678321555e-01
4.923076923076923350e-01 2.377622377622377603e-01
4.923076923076923350e-01 2.405594405594405627e-01
4.937062937062937085e-01 2.433566433566433651e-01
4.951048951048950819e-01 2.503496503496503434e-01
4.965034965034965109e-01 2.573426573426573216e-01
4.965034965034965109e-01 2.643356643356643554e-01
4.979020979020978843e-01 2.713286713286713336e-01
4.979020979020978843e-01 2.783216783216783119e-01
4.993006993006993133e-01 2.853146853146852902e-01
4.993006993006993133e-01 2.937062937062936974e-01
4.993006993006993133e-01 3.020979020979021046e-01
4.993006993006993133e-01 3.062937062937062804e-01
4.993006993006993133e-01 3.104895104895105118e-01
4.993006993006993133e-01 3.146853146853146876e-01
4.993006993006993133e-01 3.286713286713286442e-01
4.993006993006993133e-01 3.370629370629370514e-01
4.993006993006993133e-01 3.454545454545454586e-01
4.993006993006993133e-01 3.538461538461538658e-01
4.979020979020978843e-01 3.622377622377622175e-01
4.979020979020978843e-01 3.720279720279720537e-01
4.979020979020978843e-01 3.804195804195804054e-01
4.979020979020978843e-01 3.888111888111888126e-01
4.965034965034965109e-01 3.972027972027972198e-01
4.965034965034965109e-01 4.041958041958041981e-01
4.965034965034965109e-01 4.083916083916083739e-01
4.951048951048950819e-01 4.125874125874126053e-01
4.951048951048950819e-01 4.195804195804195835e-01
4.937062937062937085e-01 4.265734265734265618e-01
4.937062937062937085e-01 4.321678321678321666e-01
4.923076923076923350e-01 4.391608391608391448e-01
4.923076923076923350e-01 4.461538461538461786e-01
4.909090909090909061e-01 4.489510489510489255e-01
4.909090909090909061e-01 4.531468531468531569e-01
4.909090909090909061e-01 4.587412587412587617e-01
4.895104895104895326e-01 4.615384615384615641e-01
4.895104895104895326e-01 4.643356643356643110e-01
4.895104895104895326e-01 4.685314685314685423e-01
4.881118881118881037e-01 4.741258741258741471e-01
4.881118881118881037e-01 4.769230769230769496e-01
4.881118881118881037e-01 4.811188811188811254e-01
4.867132867132867302e-01 4.825174825174824988e-01
4.867132867132867302e-01 4.853146853146853013e-01
4.867132867132867302e-01 4.853146853146853013e-01
4.867132867132867302e-01 4.867132867132867302e-01
4.867132867132867302e-01 4.867132867132867302e-01
4.867132867132867302e-01 4.867132867132867302e-01
4.881118881118881037e-01 4.853146853146853013e-01
4.881118881118881037e-01 4.839160839160839278e-01
4.895104895104895326e-01 4.811188811188811254e-01
4.895104895104895326e-01 4.783216783216783230e-01
4.895104895104895326e-01 4.755244755244755206e-01
4.909090909090909061e-01 4.713286713286713447e-01
4.909090909090909061e-01 4.657342657342657399e-01
4.923076923076923350e-01 4.615384615384615641e-01
4.923076923076923350e-01 4.573426573426573327e-01
4.923076923076923350e-01 4.545454545454545303e-01
4.923076923076923350e-01 4.475524475524475521e-01
4.937062937062937085e-01 4.391608391608391448e-01
4.937062937062937085e-01 4.321678321678321666e-01
4.937062937062937085e-01 4.279720279720279907e-01
4.937062937062937085e-01 4.223776223776223859e-01
4.937062937062937085e-01 4.139860139860139787e-01
4.937062937062937085e-01 4.097902097902098029e-01
4.951048951048950819e-01 4.041958041958041981e-01
4.951048951048950819e-01 3.944055944055944174e-01
4.951048951048950819e-01 3.846153846153846367e-01
4.951048951048950819e-01 3.748251748251748006e-01
4.965034965034965109e-01 3.692307692307692513e-01
4.965034965034965109e-01 3.636363636363636465e-01
4.965034965034965109e-01 3.538461538461538658e-01
4.965034965034965109e-01 3.426573426573426562e-01
4.965034965034965109e-01 3.314685314685314466e-01
4.965034965034965109e-01 3.202797202797202925e-01
4.979020979020978843e-01 3.146853146853146876e-01
4.979020979020978843e-01 3.090909090909090828e-01
4.979020979020978843e-01 2.993006993006993022e-01
4.979020979020978843e-01 2.937062937062936974e-01
4.979020979020978843e-01 2.881118881118880926e-01
4.979020979020978843e-01 2.783216783216783119e-01
4.979020979020978843e-01 2.685314685314685312e-01
4.979020979020978843e-01 2.587412587412587506e-01
4.979020979020978843e-01 2.489510489510489422e-01
4.979020979020978843e-01 2.405594405594405627e-01
4.979020979020978843e-01 2.321678321678321555e-01
4.979020979020978843e-01 2.223776223776223748e-01
4.979020979020978843e-01 2.153846153846153966e-01
4.979020979020978843e-01 2.069930069930069894e-01
4.979020979020978843e-01 2.000000000000000111e-01
4.979020979020978843e-01 1.958041958041958075e-01
4.979020979020978843e-01 1.930069930069930051e-01
4.979020979020978843e-01 1.860139860139860268e-01
4.979020979020978843e-01 1.804195804195804220e-01
4.979020979020978843e-01 1.776223776223776196e-01
4.979020979020978843e-01 1.748251748251748172e-01
4.979020979020978843e-01 1.692307692307692402e-01
4.979020979020978843e-01 1.650349650349650366e-01
4.979020979020978843e-01 1.622377622377622342e-01
4.979020979020978843e-01 1.608391608391608329e-01
4.979020979020978843e-01 1.580419580419580305e-01
4.979020979020978843e-01 1.566433566433566571e-01
4.979020979020978843e-01 1.566433566433566571e-01
4.979020979020978843e-01 1.552447552447552559e-01
4.979020979020978843e-01 1.552447552447552559e-01
4.965034965034965109e-01 1.566433566433566571e-01
4.951048951048950819e-01 1.594405594405594317e-01
4.951048951048950819e-01 1.608391608391608329e-01
4.951048951048950819e-01 1.608391608391608329e-01
4.937062937062937085e-01 1.650349650349650366e-01
4.937062937062937085e-01 1.692307692307692402e-01
4.923076923076923350e-01 1.748251748251748172e-01
4.923076923076923350e-01 1.776223776223776196e-01
4.923076923076923350e-01 1.804195804195804220e-01
4.923076923076923350e-01 1.860139860139860268e-01
4.923076923076923350e-01 1.902097902097902027e-01
4.909090909090909061e-01 1.930069930069930051e-01
4.909090909090909061e-01 2.000000000000000111e-01
4.895104895104895326e-01 2.083916083916083906e-01
4.895104895104895326e-01 2.167832167832167700e-01
4.881118881118881037e-01 2.251748251748251772e-01
4.867132867132867302e-01 2.307692307692307820e-01
4.867132867132867302e-01 2.363636363636363591e-01
4.853146853146853013e-01 2.447552447552447663e-01
4.839160839160839278e-01 2.545454545454545192e-01
4.839160839160839278e-01 2.657342657342657288e-01
4.825174825174824988e-01 2.755244755244755095e-01
4.811188811188811254e-01 2.867132867132867191e-01
4.797202797202796964e-01 2.979020979020979287e-01
4.769230769230769496e-01 3.090909090909090828e-01
4.755244755244755206e-01 3.202797202797202925e-01
4.741258741258741471e-01 3.328671328671328755e-01
4.727272727272727182e-01 3.384615384615384803e-01
4.727272727272727182e-01 3.440559440559440296e-01
4.713286713286713447e-01 3.566433566433566682e-01
4.699300699300699158e-01 3.678321678321678223e-01
4.671328671328671134e-01 3.804195804195804054e-01
4.671328671328671134e-01 3.860139860139860102e-01
4.657342657342657399e-01 3.916083916083916150e-01
4.643356643356643110e-01 4.027972027972028246e-01
4.629370629370629375e-01 4.139860139860139787e-01
4.601398601398601351e-01 4.237762237762237594e-01
4.587412587412587617e-01 4.335664335664335400e-01
4.587412587412587617e-01 4.391608391608391448e-01
4.573426573426573327e-01 4.433566433566433762e-01
4.559440559440559593e-01 4.531468531468531569e-01
4.545454545454545303e-01 4.629370629370629375e-01
4.531468531468531569e-01 4.713286713286713447e-01
4.531468531468531569e-01 4.811188811188811254e-01
4.531468531468531569e-01 4.909090909090909061e-01
4.531468531468531569e-01 5.006993006993006867e-01
4.531468531468531569e-01 5.104895104895105229e-01
4.531468531468531569e-01 5.202797202797202480e-01
4.559440559440559593e-01 5.356643356643356890e-01
4.573426573426573327e-01 5.440559440559440407e-01
4.587412587412587617e-01 5.468531468531468986e-01
4.601398601398601351e-01 5.510489510489510190e-01
4.629370629370629375e-01 5.566433566433566238e-01
4.643356643356643110e-01 5.594405594405594817e-01
4.657342657342657399e-01 5.636363636363636020e-01
4.699300699300699158e-01 5.692307692307692069e-01
4.727272727272727182e-01 5.734265734265734382e-01
4.769230769230769496e-01 5.790209790209790430e-01
4.825174825174824988e-01 5.818181818181817899e-01
4.881118881118881037e-01 5.860139860139860213e-01
4.937062937062937085e-01 5.888111888111887682e-01
4.993006993006993133e-01 5.916083916083916261e-01
5.034965034965035446e-01 5.916083916083916261e-01
5.062937062937062915e-01 5.930069930069929995e-01
5.090909090909090384e-01 5.930069930069929995e-01
5.118881118881118963e-01 5.944055944055943730e-01
5.160839160839161277e-01 5.944055944055943730e-01
5.188811188811188746e-01 5.930069930069929995e-01
5.216783216783217325e-01 5.930069930069929995e-01
5.258741258741258529e-01 5.930069930069929995e-01
5.314685314685314577e-01 5.916083916083916261e-01
5.384615384615384359e-01 5.874125874125873947e-01
5.440559440559440407e-01 5.846153846153846478e-01
5.510489510489510190e-01 5.804195804195804165e-01
5.566433566433566238e-01 5.748251748251748117e-01
5.594405594405594817e-01 5.720279720279720648e-01
5.622377622377622286e-01 5.706293706293705803e-01
5.678321678321678334e-01 5.650349650349650865e-01
5.720279720279720648e-01 5.580419580419579972e-01
5.762237762237761851e-01 5.524475524475523924e-01
5.804195804195804165e-01 5.454545454545454142e-01
5.832167832167831634e-01 5.384615384615384359e-01
5.860139860139860213e-01 5.300699300699300842e-01
5.874125874125873947e-01 5.216783216783217325e-01
5.888111888111887682e-01 5.132867132867132698e-01
5.888111888111887682e-01 5.034965034965035446e-01
5.888111888111887682e-01 4.993006993006993133e-01
5.888111888111887682e-01 4.951048951048950819e-01
5.874125874125873947e-01 4.853146853146853013e-01
5.860139860139860213e-01 4.741258741258741471e-01
5.832167832167831634e-01 4.643356643356643110e-01
5.804195804195804165e-01 4.545454545454545303e-01
5.762237762237761851e-01 4.447552447552447497e-01
5.720279720279720648e-01 4.363636363636363424e-01
5.678321678321678334e-01 4.293706293706293642e-01
5.636363636363636020e-01 4.223776223776223859e-01
5.594405594405594817e-01 4.153846153846154077e-01
5.552447552447552503e-01 4.097902097902098029e-01
5.510489510489510190e-01 4.055944055944055715e-01
5.482517482517482721e-01 4.027972027972028246e-01
5.454545454545454142e-01 4.000000000000000222e-01
5.398601398601398094e-01 3.958041958041957908e-01
5.342657342657343156e-01 3.916083916083916150e-01
5.328671328671328311e-01 3.888111888111888126e-01
5.300699300699300842e-01 3.860139860139860102e-01
5.244755244755244794e-01 3.818181818181818343e-01
5.202797202797202480e-01 3.790209790209790319e-01
5.160839160839161277e-01 3.762237762237762295e-01
5.118881118881118963e-01 3.734265734265734271e-01
5.090909090909090384e-01 3.720279720279720537e-01
5.062937062937062915e-01 3.720279720279720537e-01
5.034965034965035446e-01 3.706293706293706247e-01
5.020979020979020602e-01 3.706293706293706247e-01
5.006993006993006867e-01 3.706293706293706247e-01
4.993006993006993133e-01 3.706293706293706247e-01
4.993006993006993133e-01 3.720279720279720537e-01
4.979020979020978843e-01 3.720279720279720537e-01
4.979020979020978843e-01 3.734265734265734271e-01
4.965034965034965109e-01 3.734265734265734271e-01
4.979020979020978843e-01 3.748251748251748006e-01
4.979020979020978843e-01 3.762237762237762295e-01
4.993006993006993133e-01 3.762237762237762295e-01
5.006993006993006867e-01 3.776223776223776030e-01
5.006993006993006867e-01 3.776223776223776030e-01
5.020979020979020602e-01 3.790209790209790319e-01
5.034965034965035446e-01 3.790209790209790319e-01
5.062937062937062915e-01 3.804195804195804054e-01
5.090909090909090384e-01 3.818181818181818343e-01
5.118881118881118963e-01 3.818181818181818343e-01
5.146853146853146432e-01 3.832167832167832078e-01
5.174825174825175012e-01 3.832167832167832078e-01
5.216783216783217325e-01 3.832167832167832078e-01
5.258741258741258529e-01 3.846153846153846367e-01
5.300699300699300842e-01 3.846153846153846367e-01
5.342657342657343156e-01 3.846153846153846367e-01
5.384615384615384359e-01 3.846153846153846367e-01
5.440559440559440407e-01 3.846153846153846367e-01
5.482517482517482721e-01 3.832167832167832078e-01
5.510489510489510190e-01 3.832167832167832078e-01
5.538461538461538769e-01 3.832167832167832078e-01
5.594405594405594817e-01 3.818181818181818343e-01
5.622377622377622286e-01 3.818181818181818343e-01
5.650349650349650865e-01 3.818181818181818343e-01
5.720279720279720648e-01 3.804195804195804054e-01
5.748251748251748117e-01 3.790209790209790319e-01
5.776223776223776696e-01 3.790209790209790319e-01
5.818181818181817899e-01 3.776223776223776030e-01
5.846153846153846478e-01 3.762237762237762295e-01
5.916083916083916261e-01 3.748251748251748006e-01
5.972027972027972309e-01 3.734265734265734271e-01
6.041958041958042092e-01 3.720279720279720537e-01
6.111888111888111874e-01 3.692307692307692513e-01
6.181818181818181657e-01 3.678321678321678223e-01
6.237762237762237705e-01 3.650349650349650199e-01
6.307692307692307487e-01 3.622377622377622175e-01
6.363636363636363535e-01 3.594405594405594151e-01
6.433566433566433318e-01 3.552447552447552392e-01
6.489510489510489366e-01 3.510489510489510634e-01
6.517482517482517945e-01 3.496503496503496344e-01
6.545454545454545414e-01 3.468531468531468320e-01
6.573426573426572883e-01 3.454545454545454586e-01
6.601398601398601462e-01 3.426573426573426562e-01
6.657342657342657510e-01 3.384615384615384803e-01
6.699300699300699824e-01 3.328671328671328755e-01
6.727272727272727293e-01 3.286713286713286442e-01
6.741258741258741027e-01 3.258741258741258973e-01
6.769230769230769607e-01 3.216783216783216659e-01
6.783216783216783341e-01 3.188811188811188635e-01
6.811188811188810810e-01 3.118881118881118852e-01
6.839160839160839389e-01 3.048951048951049070e-01
6.867132867132866858e-01 2.965034965034964998e-01
6.881118881118880592e-01 2.881118881118880926e-01
6.895104895104895437e-01 2.797202797202797409e-01
6.895104895104895437e-01 2.713286713286713336e-01
6.909090909090909172e-01 2.643356643356643554e-01
6.909090909090909172e-01 2.559440559440559482e-01
6.895104895104895437e-01 2.489510489510489422e-01
6.895104895104895437e-01 2.405594405594405627e-01
6.881118881118880592e-01 2.321678321678321555e-01
6.853146853146853124e-01 2.251748251748251772e-01
6.825174825174825655e-01 2.167832167832167700e-01
6.783216783216783341e-01 2.083916083916083906e-01
6.727272727272727293e-01 2.000000000000000111e-01
6.671328671328671245e-01 1.916083916083916039e-01
6.615384615384615197e-01 1.846153846153846256e-01
6.545454545454545414e-01 1.748251748251748172e-01
6.461538461538461897e-01 1.678321678321678390e-01
6.391608391608392115e-01 1.594405594405594317e-01
6.307692307692307487e-01 1.524475524475524535e-01
6.209790209790210236e-01 1.454545454545454475e-01
6.111888111888111874e-01 1.398601398601398704e-01
6.013986013986013512e-01 1.356643356643356668e-01
5.930069930069929995e-01 1.328671328671328644e-01
5.832167832167831634e-01 1.300699300699300620e-01
5.734265734265734382e-01 1.300699300699300620e-01
5.692307692307692069e-01 1.300699300699300620e-01
5.650349650349650865e-01 1.300699300699300620e-01
5.566433566433566238e-01 1.328671328671328644e-01
5.468531468531468986e-01 1.356643356643356668e-01
5.426573426573426673e-01 1.370629370629370680e-01
5.398601398601398094e-01 1.384615384615384692e-01
5.314685314685314577e-01 1.426573426573426451e-01
5.258741258741258529e-01 1.482517482517482499e-01
5.188811188811188746e-01 1.524475524475524535e-01
5.132867132867132698e-01 1.566433566433566571e-01
5.076923076923076650e-01 1.608391608391608329e-01
5.034965034965035446e-01 1.636363636363636354e-01
4.979020979020978843e-01 1.678321678321678390e-01
4.965034965034965109e-01 1.692307692307692402e-01
4.937062937062937085e-01 1.720279720279720148e-01
4.909090909090909061e-01 1.748251748251748172e-01
4.895104895104895326e-01 1.790209790209790208e-01
4.867132867132867302e-01 1.818181818181818232e-01
4.853146853146853013e-01 1.846153846153846256e-01
4.853146853146853013e-01 1.860139860139860268e-01
4.853146853146853013e-01 1.888111888111888015e-01
4.853146853146853013e-01 1.902097902097902027e-01
4.867132867132867302e-01 1.916083916083916039e-01
4.881118881118881037e-01 1.916083916083916039e-01
4.909090909090909061e-01 1.902097902097902027e-01
4.923076923076923350e-01 1.888111888111888015e-01
4.937062937062937085e-01 1.874125874125874003e-01
4.951048951048950819e-01 1.874125874125874003e-01
4.951048951048950819e-01 1.860139860139860268e-01
4.965034965034965109e-01 1.846153846153846256e-01
4.993006993006993133e-01 1.804195804195804220e-01
5.020979020979020602e-01 1.776223776223776196e-01
5.062937062937062915e-01 1.720279720279720148e-01
5.104895104895105229e-01 1.678321678321678390e-01
5.132867132867132698e-01 1.622377622377622342e-01
5.188811188811188746e-01 1.580419580419580305e-01
5.244755244755244794e-01 1.524475524475524535e-01
5.286713286713287108e-01 1.454545454545454475e-01
5.314685314685314577e-01 1.426573426573426451e-01
5.342657342657343156e-01 1.398601398601398704e-01
5.398601398601398094e-01 1.328671328671328644e-01
5.468531468531468986e-01 1.272727272727272596e-01
5.538461538461538769e-01 1.216783216783216826e-01
5.608391608391608552e-01 1.160839160839160777e-01
5.678321678321678334e-01 1.090909090909090856e-01
5.720279720279720648e-01 1.062937062937062971e-01
5.762237762237761851e-01 1.048951048951048959e-01
5.846153846153846478e-01 1.006993006993007062e-01
5.888111888111887682e-01 9.790209790209790375e-02
5.930069930069929995e-01 9.650349650349650255e-02
5.999999999999999778e-01 9.230769230769231282e-02
6.055944055944055826e-01 9.090909090909091161e-02
6.097902097902098140e-01 9.090909090909091161e-02
6.181818181818181657e-01 8.951048951048951041e-02
6.265734265734266284e-01 8.811188811188810921e-02
6.349650349650349801e-01 8.811188811188810921e-02
6.433566433566433318e-01 8.811188811188810921e-02
6.517482517482517945e-01 8.951048951048951041e-02
6.545454545454545414e-01 9.090909090909091161e-02
6.587412587412587728e-01 9.230769230769231282e-02
6.671328671328671245e-01 9.370629370629370014e-02
6.755244755244754762e-01 9.790209790209790375e-02
6.783216783216783341e-01 9.930069930069930495e-02
6.825174825174825655e-01 1.006993006993007062e-01
6.895104895104895437e-01 1.034965034965034947e-01
6.965034965034965220e-01 1.076923076923076983e-01
7.034965034965035002e-01 1.118881118881118880e-01
7.090909090909091050e-01 1.160839160839160777e-01
7.160839160839160833e-01 1.216783216783216826e-01
7.216783216783216881e-01 1.258741258741258862e-01
7.286713286713286664e-01 1.314685314685314632e-01
7.342657342657342712e-01 1.370629370629370680e-01
7.384615384615385025e-01 1.426573426573426451e-01
7.454545454545454808e-01 1.482517482517482499e-01
7.496503496503496011e-01 1.552447552447552559e-01
7.538461538461538325e-01 1.608391608391608329e-01
7.580419580419580639e-01 1.664335664335664378e-01
7.622377622377621842e-01 1.734265734265734160e-01
7.664335664335664156e-01 1.818181818181818232e-01
7.692307692307692735e-01 1.888111888111888015e-01
7.720279720279720204e-01 1.930069930069930051e-01
7.734265734265733938e-01 1.972027972027972087e-01
7.748251748251748783e-01 2.055944055944055882e-01
7.762237762237762517e-01 2.139860139860139954e-01
7.776223776223776252e-01 2.209790209790209736e-01
7.776223776223776252e-01 2.293706293706293808e-01
7.762237762237762517e-01 2.377622377622377603e-01
7.748251748251748783e-01 2.447552447552447663e-01
7.748251748251748783e-01 2.489510489510489422e-01
7.734265734265733938e-01 2.503496503496503434e-01
7.720279720279720204e-01 2.559440559440559482e-01
7.692307692307692735e-01 2.615384615384615530e-01
7.664335664335664156e-01 2.643356643356643554e-01
7.650349650349650421e-01 2.671328671328671578e-01
7.608391608391608107e-01 2.713286713286713336e-01
7.552447552447552059e-01 2.741258741258741360e-01
7.496503496503496011e-01 2.769230769230769384e-01
7.440559440559441073e-01 2.783216783216783119e-01
7.412587412587412494e-01 2.783216783216783119e-01
7.384615384615385025e-01 2.797202797202797409e-01
7.356643356643356446e-01 2.783216783216783119e-01
7.342657342657342712e-01 2.783216783216783119e-01
7.286713286713286664e-01 2.769230769230769384e-01
7.258741258741259195e-01 2.755244755244755095e-01
7.230769230769230616e-01 2.741258741258741360e-01
7.174825174825174567e-01 2.699300699300699047e-01
7.132867132867133364e-01 2.657342657342657288e-01
7.104895104895104785e-01 2.587412587412587506e-01
7.076923076923077316e-01 2.559440559440559482e-01
7.062937062937062471e-01 2.531468531468531458e-01
7.034965034965035002e-01 2.447552447552447663e-01
7.006993006993007533e-01 2.363636363636363591e-01
6.993006993006992689e-01 2.265734265734265784e-01
6.993006993006992689e-01 2.223776223776223748e-01
6.993006993006992689e-01 2.167832167832167700e-01
6.993006993006992689e-01 2.111888111888111930e-01
6.993006993006992689e-01 2.069930069930069894e-01
7.006993006993007533e-01 1.972027972027972087e-01
7.006993006993007533e-01 1.916083916083916039e-01
7.020979020979021268e-01 1.874125874125874003e-01
7.048951048951048737e-01 1.832167832167832244e-01
7.062937062937062471e-01 1.776223776223776196e-01
7.090909090909091050e-01 1.706293706293706414e-01
7.118881118881118519e-01 1.664335664335664378e-01
7.146853146853147098e-01 1.636363636363636354e-01
7.202797202797203147e-01 1.566433566433566571e-01
7.258741258741259195e-01 1.524475524475524535e-01
7.328671328671328977e-01 1.482517482517482499e-01
7.384615384615385025e-01 1.440559440559440463e-01
7.454545454545454808e-01 1.412587412587412716e-01
7.524475524475524590e-01 1.398601398601398704e-01
7.580419580419580639e-01 1.384615384615384692e-01
7.636363636363636687e-01 1.384615384615384692e-01
7.664335664335664156e-01 1.398601398601398704e-01
7.678321678321677890e-01 1.398601398601398704e-01
7.734265734265733938e-01 1.426573426573426451e-01
7.776223776223776252e-01 1.468531468531468487e-01
7.804195804195803721e-01 1.510489510489510523e-01
7.832167832167832300e-01 1.566433566433566571e-01
7.874125874125874613e-01 1.622377622377622342e-01
7.888111888111888348e-01 1.678321678321678390e-01
7.888111888111888348e-01 1.720279720279720148e-01
7.888111888111888348e-01 1.748251748251748172e-01
7.888111888111888348e-01 1.804195804195804220e-01
7.874125874125874613e-01 1.860139860139860268e-01
7.846153846153846034e-01 1.916083916083916039e-01
7.832167832167832300e-01 1.958041958041958075e-01
7.818181818181818565e-01 1.972027972027972087e-01
7.804195804195803721e-01 1.986013986013986099e-01
7.804195804195803721e-01 2.000000000000000111e-01
7.790209790209789986e-01 2.027972027972027858e-01
7.776223776223776252e-01 2.055944055944055882e-01
7.762237762237762517e-01 2.069930069930069894e-01
7.748251748251748783e-01 2.097902097902097918e-01
7.748251748251748783e-01 2.111888111888111930e-01
7.734265734265733938e-01 2.111888111888111930e-01
7.734265734265733938e-01 2.097902097902097918e-01
7.734265734265733938e-01 2.083916083916083906e-01
7.734265734265733938e-01 2.069930069930069894e-01
7.776223776223776252e-01 2.027972027972027858e-01
7.804195804195803721e-01 2.000000000000000111e-01
7.832167832167832300e-01 1.986013986013986099e-01
7.874125874125874613e-01 1.986013986013986099e-01
7.902097902097902082e-01 1.986013986013986099e-01
7.944055944055944396e-01 1.986013986013986099e-01
7.958041958041958130e-01 2.000000000000000111e-01
7.972027972027971865e-01 2.013986013986014123e-01
8.000000000000000444e-01 2.027972027972027858e-01
8.041958041958041647e-01 2.055944055944055882e-01
8.069930069930070227e-01 2.097902097902097918e-01
8.097902097902097696e-01 2.153846153846153966e-01
8.125874125874126275e-01 2.209790209790209736e-01
8.153846153846153744e-01 2.237762237762237760e-01
8.167832167832167478e-01 2.265734265734265784e-01
8.209790209790209792e-01 2.349650349650349579e-01
8.251748251748252105e-01 2.433566433566433651e-01
8.279720279720279574e-01 2.517482517482517723e-01
8.321678321678321888e-01 2.601398601398601240e-01
8.349650349650349357e-01 2.657342657342657288e-01
8.363636363636363091e-01 2.699300699300699047e-01
8.377622377622377936e-01 2.755244755244755095e-01
8.391608391608391671e-01 2.797202797202797409e-01
8.433566433566433984e-01 2.909090909090908950e-01
8.461538461538461453e-01 3.006993006993006756e-01
8.489510489510490032e-01 3.118881118881118852e-01
8.517482517482517501e-01 3.230769230769230949e-01
8.545454545454544970e-01 3.342657342657342490e-01
8.573426573426573549e-01 3.454545454545454586e-01
8.587412587412587284e-01 3.566433566433566682e-01
8.601398601398601018e-01 3.692307692307692513e-01
8.601398601398601018e-01 3.748251748251748006e-01
8.601398601398601018e-01 3.804195804195804054e-01
8.615384615384615863e-01 3.916083916083916150e-01
8.615384615384615863e-01 4.027972027972028246e-01
8.615384615384615863e-01 4.097902097902098029e-01
8.615384615384615863e-01 4.153846153846154077e-01
8.615384615384615863e-01 4.251748251748251883e-01
8.615384615384615863e-01 4.363636363636363424e-01
8.615384615384615863e-01 4.475524475524475521e-01
8.601398601398601018e-01 4.573426573426573327e-01
8.601398601398601018e-01 4.657342657342657399e-01
8.587412587412587284e-01 4.755244755244755206e-01
8.587412587412587284e-01 4.839160839160839278e-01
8.587412587412587284e-01 4.867132867132867302e-01
8.573426573426573549e-01 4.895104895104895326e-01
8.573426573426573549e-01 4.937062937062937085e-01
8.559440559440559815e-01 4.951048951048950819e-01
8.545454545454544970e-01 5.006993006993006867e-01
8.531468531468531236e-01 5.048951048951049181e-01
8.517482517482517501e-01 5.062937062937062915e-01
8.517482517482517501e-01 5.076923076923076650e-01
8.489510489510490032e-01 5.118881118881118963e-01
8.461538461538461453e-01 5.132867132867132698e-01
8.447552447552447719e-01 5.146853146853146432e-01
8.433566433566433984e-01 5.160839160839161277e-01
8.419580419580419139e-01 5.160839160839161277e-01
8.405594405594405405e-01 5.160839160839161277e-01
8.391608391608391671e-01 5.160839160839161277e-01
8.391608391608391671e-01 5.146853146853146432e-01
8.377622377622377936e-01 5.132867132867132698e-01
8.363636363636363091e-01 5.104895104895105229e-01
8.349650349650349357e-01 5.076923076923076650e-01
8.349650349650349357e-01 5.048951048951049181e-01
8.349650349650349357e-01 5.020979020979020602e-01
8.335664335664335622e-01 4.965034965034965109e-01
8.335664335664335622e-01 4.895104895104895326e-01
8.321678321678321888e-01 4.811188811188811254e-01
8.321678321678321888e-01 4.727272727272727182e-01
8.307692307692308153e-01 4.685314685314685423e-01
8.307692307692308153e-01 4.629370629370629375e-01
8.307692307692308153e-01 4.531468531468531569e-01
8.307692307692308153e-01 4.433566433566433762e-01
8.307692307692308153e-01 4.321678321678321666e-01
8.307692307692308153e-01 4.265734265734265618e-01
8.307692307692308153e-01 4.209790209790209570e-01
8.321678321678321888e-01 4.083916083916083739e-01
8.321678321678321888e-01 4.013986013986013957e-01
8.321678321678321888e-01 3.958041958041957908e-01
8.335664335664335622e-01 3.818181818181818343e-01
8.335664335664335622e-01 3.748251748251748006e-01
8.349650349650349357e-01 3.678321678321678223e-01
8.349650349650349357e-01 3.524475524475524368e-01
8.363636363636363091e-01 3.356643356643356779e-01
8.377622377622377936e-01 3.188811188811188635e-01
8.391608391608391671e-01 3.006993006993006756e-01
8.419580419580419139e-01 2.825174825174825433e-01
8.419580419580419139e-01 2.657342657342657288e-01
8.433566433566433984e-01 2.489510489510489422e-01
8.447552447552447719e-01 2.321678321678321555e-01
8.447552447552447719e-01 2.181818181818181712e-01
8.461538461538461453e-01 2.041958041958041870e-01
8.475524475524475188e-01 1.930069930069930051e-01
8.489510489510490032e-01 1.818181818181818232e-01
8.489510489510490032e-01 1.776223776223776196e-01
8.503496503496503767e-01 1.748251748251748172e-01
8.517482517482517501e-01 1.692307692307692402e-01
8.517482517482517501e-01 1.664335664335664378e-01
8.531468531468531236e-01 1.650349650349650366e-01
8.545454545454544970e-01 1.622377622377622342e-01
8.545454545454544970e-01 1.608391608391608329e-01
8.559440559440559815e-01 1.608391608391608329e-01
8.559440559440559815e-01 1.622377622377622342e-01
8.545454545454544970e-01 1.636363636363636354e-01
8.531468531468531236e-01 1.664335664335664378e-01
8.489510489510490032e-01 1.706293706293706414e-01
8.461538461538461453e-01 1.748251748251748172e-01
8.433566433566433984e-01 1.776223776223776196e-01
8.419580419580419139e-01 1.804195804195804220e-01
8.377622377622377936e-01 1.860139860139860268e-01
8.335664335664335622e-01 1.916083916083916039e-01
8.279720279720279574e-01 1.986013986013986099e-01
8.265734265734265840e-01 2.027972027972027858e-01
8.251748251748252105e-01 2.069930069930069894e-01
8.195804195804196057e-01 2.167832167832167700e-01
8.139860139860140009e-01 2.251748251748251772e-01
8.097902097902097696e-01 2.349650349650349579e-01
8.055944055944056492e-01 2.447552447552447663e-01
8.000000000000000444e-01 2.531468531468531458e-01
7.944055944055944396e-01 2.615384615384615530e-01
7.832167832167832300e-01 2.783216783216783119e-01
7.804195804195803721e-01 2.867132867132867191e-01
7.762237762237762517e-01 2.937062937062936974e-01
7.678321678321677890e-01 3.076923076923077094e-01
7.650349650349650421e-01 3.132867132867133142e-01
7.608391608391608107e-01 3.174825174825174900e-01
7.594405594405594373e-01 3.202797202797202925e-01
7.580419580419580639e-01 3.216783216783216659e-01
7.566433566433566904e-01 3.244755244755244683e-01
7.538461538461538325e-01 3.286713286713286442e-01
7.538461538461538325e-01 3.286713286713286442e-01
7.524475524475524590e-01 3.300699300699300731e-01
7.510489510489510856e-01 3.328671328671328755e-01
7.510489510489510856e-01 3.342657342657342490e-01
7.496503496503496011e-01 3.342657342657342490e-01
7.496503496503496011e-01 3.356643356643356779e-01
7.510489510489510856e-01 3.370629370629370514e-01
7.524475524475524590e-01 3.370629370629370514e-01
7.538461538461538325e-01 3.370629370629370514e-01
7.552447552447552059e-01 3.370629370629370514e-01
7.580419580419580639e-01 3.370629370629370514e-01
7.622377622377621842e-01 3.370629370629370514e-01
7.678321678321677890e-01 3.370629370629370514e-01
7.706293706293706469e-01 3.384615384615384803e-01
7.748251748251748783e-01 3.384615384615384803e-01
7.776223776223776252e-01 3.370629370629370514e-01
7.818181818181818565e-01 3.370629370629370514e-01
7.916083916083915817e-01 3.384615384615384803e-01
8.027972027972027913e-01 3.384615384615384803e-01
8.139860139860140009e-01 3.398601398601398538e-01
8.195804195804196057e-01 3.398601398601398538e-01
8.251748251748252105e-01 3.398601398601398538e-01
8.363636363636363091e-01 3.412587412587412827e-01
8.489510489510490032e-01 3.426573426573426562e-01
8.601398601398601018e-01 3.440559440559440296e-01
8.657342657342657066e-01 3.468531468531468320e-01
8.713286713286713114e-01 3.468531468531468320e-01
8.853146853146852679e-01 3.482517482517482610e-01
8.979020979020978510e-01 3.510489510489510634e-01
9.104895104895104341e-01 3.524475524475524368e-01
9.216783216783216437e-01 3.552447552447552392e-01
9.342657342657342268e-01 3.566433566433566682e-01
9.454545454545454364e-01 3.594405594405594151e-01
9.552447552447552725e-01 3.622377622377622175e-01
9.636363636363636243e-01 3.636363636363636465e-01
9.720279720279719760e-01 3.650349650349650199e-01
9.804195804195804387e-01 3.664335664335664489e-01
9.916083916083916483e-01 3.692307692307692513e-01
1.000000000000000000e+00 3.706293706293706247e-01
;
